time,force_plate_1_fx,force_plate_1_fy,force_plate_1_fz,force_plate_2_fx,force_plate_2_fy,force_plate_2_fz,force_plate_3_fx,force_plate_3_fy,force_plate_3_fz,force_plate_4_fx,force_plate_4_fy,force_plate_4_fz
0.0025,0.0,0.0,-0.039083665338646156,0.0,0.0,-0.039083665338646156,0.0,0.0,-0.039083665338646156,0.0,0.0,-0.039083665338646156
0.005,0.0,0.0,0.007629878890812236,0.0,0.0,0.007629878890812236,0.0,0.0,0.007629878890812236,0.0,0.0,0.007629878890812236
0.0075,0.0,0.0,0.00629609243538809,0.0,0.0,0.00629609243538809,0.0,0.0,0.00629609243538809,0.0,0.0,0.00629609243538809
0.01,0.0,0.0,0.005036576864769771,0.0,0.0,0.005036576864769771,0.0,0.0,0.005036576864769771,0.0,0.0,0.005036576864769771
0.0125,0.0,0.0,0.004028256710151723,0.0,0.0,0.004028256710151723,0.0,0.0,0.004028256710151723,0.0,0.0,0.004028256710151723
0.015,0.0,0.0,0.003221797922655867,0.0,0.0,0.003221797922655867,0.0,0.0,0.003221797922655867,0.0,0.0,0.003221797922655867
0.0175,0.0,0.0,0.0025767925245681056,0.0,0.0,0.0025767925245681056,0.0,0.0,0.0025767925245681056,0.0,0.0,0.0025767925245681056
0.02,0.0,0.0,0.0020609174981629508,0.0,0.0,0.0020609174981629508,0.0,0.0,0.0020609174981629508,0.0,0.0,0.0020609174981629508
0.0225,0.0,0.0,0.001648320884882537,0.0,0.0,0.001648320884882537,0.0,0.0,0.001648320884882537,0.0,0.0,0.001648320884882537
0.025,0.0,0.0,0.001318326299790229,0.0,0.0,0.001318326299790229,0.0,0.0,0.001318326299790229,0.0,0.0,0.001318326299790229
0.0275,0.0,0.0,0.001054396779574418,0.0,0.0,0.001054396779574418,0.0,0.0,0.001054396779574418,0.0,0.0,0.001054396779574418
0.03,0.0,0.0,0.0008433060684218674,0.0,0.0,0.0008433060684218674,0.0,0.0,0.0008433060684218674,0.0,0.0,0.0008433060684218674
0.0325,0.0,0.0,0.0006744758129180184,0.0,0.0,0.0006744758129180184,0.0,0.0,0.0006744758129180184,0.0,0.0,0.0006744758129180184
0.035,0.0,0.0,0.0005394454507570146,0.0,0.0,0.0005394454507570146,0.0,0.0,0.0005394454507570146,0.0,0.0,0.0005394454507570146
0.0375,0.0,0.0,0.0004314482280491916,0.0,0.0,0.0004314482280491916,0.0,0.0,0.0004314482280491916,0.0,0.0,0.0004314482280491916
0.04,0.0,0.0,0.0003450720980691102,0.0,0.0,0.0003450720980691102,0.0,0.0,0.0003450720980691102,0.0,0.0,0.0003450720980691102
0.0425,0.0,0.0,0.0002759885082941338,0.0,0.0,0.0002759885082941338,0.0,0.0,0.0002759885082941338,0.0,0.0,0.0002759885082941338
0.045,0.0,0.0,0.00022073548437084867,0.0,0.0,0.00022073548437084867,0.0,0.0,0.00022073548437084867,0.0,0.0,0.00022073548437084867
0.0475,0.0,0.0,0.0001765441407766133,0.0,0.0,0.0001765441407766133,0.0,0.0,0.0001765441407766133,0.0,0.0,0.0001765441407766133
0.05,0.0,0.0,0.00014119992411210092,0.0,0.0,0.00014119992411210092,0.0,0.0,0.00014119992411210092,0.0,0.0,0.00014119992411210092
0.0525,0.0,0.0,0.00011293163557724029,0.0,0.0,0.00011293163557724029,0.0,0.0,0.00011293163557724029,0.0,0.0,0.00011293163557724029
0.055,0.0,0.0,9.032267116637627e-05,0.0,0.0,9.032267116637627e-05,0.0,0.0,9.032267116637627e-05,0.0,0.0,9.032267116637627e-05
0.0575,0.0,0.0,7.224003163308623e-05,0.0,0.0,7.224003163308623e-05,0.0,0.0,7.224003163308623e-05,0.0,0.0,7.224003163308623e-05
0.06,0.0,0.0,5.7777544697046324e-05,0.0,0.0,5.7777544697046324e-05,0.0,0.0,5.7777544697046324e-05,0.0,0.0,5.7777544697046324e-05
0.0625,0.0,0.0,4.621045417430025e-05,0.0,0.0,4.621045417430025e-05,0.0,0.0,4.621045417430025e-05,0.0,0.0,4.621045417430025e-05
0.065,0.0,0.0,3.6959100388145316e-05,0.0,0.0,3.6959100388145316e-05,0.0,0.0,3.6959100388145316e-05,0.0,0.0,3.6959100388145316e-05
0.0675,0.0,0.0,2.955987181074704e-05,0.0,0.0,2.955987181074704e-05,0.0,0.0,2.955987181074704e-05,0.0,0.0,2.955987181074704e-05
0.07,0.0,0.0,2.3641972132892874e-05,0.0,0.0,2.3641972132892874e-05,0.0,0.0,2.3641972132892874e-05,0.0,0.0,2.3641972132892874e-05
0.0725,0.0,0.0,1.8908838642417436e-05,0.0,0.0,1.8908838642417436e-05,0.0,0.0,1.8908838642417436e-05,0.0,0.0,1.8908838642417436e-05
0.075,0.0,0.0,1.5123280610040979e-05,0.0,0.0,1.5123280610040979e-05,0.0,0.0,1.5123280610040979e-05,0.0,0.0,1.5123280610040979e-05
0.0775,0.0,0.0,1.2095593008965011e-05,0.0,0.0,1.2095593008965011e-05,0.0,0.0,1.2095593008965011e-05,0.0,0.0,1.2095593008965011e-05
0.08,0.0,0.0,9.674049827879116e-06,0.0,0.0,9.674049827879116e-06,0.0,0.0,9.674049827879116e-06,0.0,0.0,9.674049827879116e-06
0.0825,0.0,0.0,7.737300688148707e-06,0.0,0.0,7.737300688148707e-06,0.0,0.0,7.737300688148707e-06,0.0,0.0,7.737300688148707e-06
0.085,0.0,0.0,6.18828959630946e-06,0.0,0.0,6.18828959630946e-06,0.0,0.0,6.18828959630946e-06,0.0,0.0,6.18828959630946e-06
0.0875,0.0,0.0,4.949391229303046e-06,0.0,0.0,4.949391229303046e-06,0.0,0.0,4.949391229303046e-06,0.0,0.0,4.949391229303046e-06
0.09,0.0,0.0,3.958520867541893e-06,0.0,0.0,3.958520867541893e-06,0.0,0.0,3.958520867541893e-06,0.0,0.0,3.958520867541893e-06
0.0925,0.0,0.0,3.1660232053809523e-06,0.0,0.0,3.1660232053809523e-06,0.0,0.0,3.1660232053809523e-06,0.0,0.0,3.1660232053809523e-06
0.095,0.0,0.0,2.532183930981091e-06,0.0,0.0,2.532183930981091e-06,0.0,0.0,2.532183930981091e-06,0.0,0.0,2.532183930981091e-06
0.0975,0.0,0.0,2.0252395653841404e-06,0.0,0.0,2.0252395653841404e-06,0.0,0.0,2.0252395653841404e-06,0.0,0.0,2.0252395653841404e-06
0.1,0.0,0.0,1.619785688689035e-06,0.0,0.0,1.619785688689035e-06,0.0,0.0,1.619785688689035e-06,0.0,0.0,1.619785688689035e-06
0.1025,0.0,0.0,1.2955038606321523e-06,0.0,0.0,1.2955038606321523e-06,0.0,0.0,1.2955038606321523e-06,0.0,0.0,1.2955038606321523e-06
0.105,0.0,0.0,1.0361434057415408e-06,0.0,0.0,1.0361434057415408e-06,0.0,0.0,1.0361434057415408e-06,0.0,0.0,1.0361434057415408e-06
0.1075,0.0,0.0,8.287070283330422e-07,0.0,0.0,8.287070283330422e-07,0.0,0.0,8.287070283330422e-07,0.0,0.0,8.287070283330422e-07
0.11,0.0,0.0,6.627995094987682e-07,0.0,0.0,6.627995094987682e-07,0.0,0.0,6.627995094987682e-07,0.0,0.0,6.627995094987682e-07
0.1125,0.0,0.0,5.301067460550257e-07,0.0,0.0,5.301067460550257e-07,0.0,0.0,5.301067460550257e-07,0.0,0.0,5.301067460550257e-07
0.115,0.0,0.0,4.239791380200586e-07,0.0,0.0,4.239791380200586e-07,0.0,0.0,4.239791380200586e-07,0.0,0.0,4.239791380200586e-07
0.1175,0.0,0.0,3.3909832097833714e-07,0.0,0.0,3.3909832097833714e-07,0.0,0.0,3.3909832097833714e-07,0.0,0.0,3.3909832097833714e-07
0.12,0.0,0.0,2.712106876856524e-07,0.0,0.0,2.712106876856524e-07,0.0,0.0,2.712106876856524e-07,0.0,0.0,2.712106876856524e-07
0.1225,0.0,0.0,2.16914180839467e-07,0.0,0.0,2.16914180839467e-07,0.0,0.0,2.16914180839467e-07,0.0,0.0,2.16914180839467e-07
0.125,0.0,0.0,1.7348786762738655e-07,0.0,0.0,1.7348786762738655e-07,0.0,0.0,1.7348786762738655e-07,0.0,0.0,1.7348786762738655e-07
0.1275,0.0,0.0,1.3875551552189336e-07,0.0,0.0,1.3875551552189336e-07,0.0,0.0,1.3875551552189336e-07,0.0,0.0,1.3875551552189336e-07
0.13,0.0,0.0,1.1097660035375156e-07,0.0,0.0,1.1097660035375156e-07,0.0,0.0,1.1097660035375156e-07,0.0,0.0,1.1097660035375156e-07
0.1325,0.0,0.0,8.875903390048734e-08,0.0,0.0,8.875903390048734e-08,0.0,0.0,8.875903390048734e-08,0.0,0.0,8.875903390048734e-08
0.135,0.0,0.0,7.098943832772875e-08,0.0,0.0,7.098943832772875e-08,0.0,0.0,7.098943832772875e-08,0.0,0.0,7.098943832772875e-08
0.1375,0.0,0.0,5.677731707010025e-08,0.0,0.0,5.677731707010025e-08,0.0,0.0,5.677731707010025e-08,0.0,0.0,5.677731707010025e-08
0.14,0.0,0.0,4.541047182726743e-08,0.0,0.0,4.541047182726743e-08,0.0,0.0,4.541047182726743e-08,0.0,0.0,4.541047182726743e-08
0.1425,0.0,0.0,3.631927647518296e-08,0.0,0.0,3.631927647518296e-08,0.0,0.0,3.631927647518296e-08,0.0,0.0,3.631927647518296e-08
0.145,0.0,0.0,2.9048143446175345e-08,0.0,0.0,2.9048143446175345e-08,0.0,0.0,2.9048143446175345e-08,0.0,0.0,2.9048143446175345e-08
0.1475,0.0,0.0,2.323268866177841e-08,0.0,0.0,2.323268866177841e-08,0.0,0.0,2.323268866177841e-08,0.0,0.0,2.323268866177841e-08
0.15,0.0,0.0,1.858149545341803e-08,0.0,0.0,1.858149545341803e-08,0.0,0.0,1.858149545341803e-08,0.0,0.0,1.858149545341803e-08
0.1525,0.0,0.0,1.4861470276628097e-08,0.0,0.0,1.4861470276628097e-08,0.0,0.0,1.4861470276628097e-08,0.0,0.0,1.4861470276628097e-08
0.155,0.0,0.0,1.1886196915611436e-08,0.0,0.0,1.1886196915611436e-08,0.0,0.0,1.1886196915611436e-08,0.0,0.0,1.1886196915611436e-08
0.1575,0.0,0.0,9.506575082696145e-09,0.0,0.0,9.506575082696145e-09,0.0,0.0,9.506575082696145e-09,0.0,0.0,9.506575082696145e-09
0.16,0.0,0.0,7.603356166896447e-09,0.0,0.0,7.603356166896447e-09,0.0,0.0,7.603356166896447e-09,0.0,0.0,7.603356166896447e-09
0.1625,0.0,0.0,6.081158687720745e-09,0.0,0.0,6.081158687720745e-09,0.0,0.0,6.081158687720745e-09,0.0,0.0,6.081158687720745e-09
0.165,0.0,0.0,4.863709435198871e-09,0.0,0.0,4.863709435198871e-09,0.0,0.0,4.863709435198871e-09,0.0,0.0,4.863709435198871e-09
0.1675,0.0,0.0,3.8899905518974265e-09,0.0,0.0,3.8899905518974265e-09,0.0,0.0,3.8899905518974265e-09,0.0,0.0,3.8899905518974265e-09
0.17,0.0,0.0,3.1112161735791233e-09,0.0,0.0,3.1112161735791233e-09,0.0,0.0,3.1112161735791233e-09,0.0,0.0,3.1112161735791233e-09
0.1725,0.0,0.0,2.4883455296276225e-09,0.0,0.0,2.4883455296276225e-09,0.0,0.0,2.4883455296276225e-09,0.0,0.0,2.4883455296276225e-09
0.175,0.0,0.0,1.9901804648725374e-09,0.0,0.0,1.9901804648725374e-09,0.0,0.0,1.9901804648725374e-09,0.0,0.0,1.9901804648725374e-09
0.1775,0.0,0.0,1.5917454021519006e-09,0.0,0.0,1.5917454021519006e-09,0.0,0.0,1.5917454021519006e-09,0.0,0.0,1.5917454021519006e-09
0.18,0.0,0.0,1.273077643304532e-09,0.0,0.0,1.273077643304532e-09,0.0,0.0,1.273077643304532e-09,0.0,0.0,1.273077643304532e-09
0.1825,0.0,0.0,1.0182059639873842e-09,0.0,0.0,1.0182059639873842e-09,0.0,0.0,1.0182059639873842e-09,0.0,0.0,1.0182059639873842e-09
0.185,0.0,0.0,8.143601348820084e-10,0.0,0.0,8.143601348820084e-10,0.0,0.0,8.143601348820084e-10,0.0,0.0,8.143601348820084e-10
0.1875,0.0,0.0,6.51324327805014e-10,0.0,0.0,6.51324327805014e-10,0.0,0.0,6.51324327805014e-10,0.0,0.0,6.51324327805014e-10
0.19,0.0,0.0,5.209290776519993e-10,0.0,0.0,5.209290776519993e-10,0.0,0.0,5.209290776519993e-10,0.0,0.0,5.209290776519993e-10
0.1925,0.0,0.0,4.1664094396764995e-10,0.0,0.0,4.1664094396764995e-10,0.0,0.0,4.1664094396764995e-10,0.0,0.0,4.1664094396764995e-10
0.195,0.0,0.0,3.332250031462536e-10,0.0,0.0,3.332250031462536e-10,0.0,0.0,3.332250031462536e-10,0.0,0.0,3.332250031462536e-10
0.1975,0.0,0.0,2.66517474756256e-10,0.0,0.0,2.66517474756256e-10,0.0,0.0,2.66517474756256e-10,0.0,0.0,2.66517474756256e-10
0.2,0.0,0.0,2.1315749165751186e-10,0.0,0.0,2.1315749165751186e-10,0.0,0.0,2.1315749165751186e-10,0.0,0.0,2.1315749165751186e-10
0.2025,0.0,0.0,1.7048584766143904e-10,0.0,0.0,1.7048584766143904e-10,0.0,0.0,1.7048584766143904e-10,0.0,0.0,1.7048584766143904e-10
0.205,0.0,0.0,1.3635315099236323e-10,0.0,0.0,1.3635315099236323e-10,0.0,0.0,1.3635315099236323e-10,0.0,0.0,1.3635315099236323e-10
0.2075,0.0,0.0,1.0905587544129958e-10,0.0,0.0,1.0905587544129958e-10,0.0,0.0,1.0905587544129958e-10,0.0,0.0,1.0905587544129958e-10
0.21,0.0,0.0,8.72226735282311e-11,0.0,0.0,8.72226735282311e-11,0.0,0.0,8.72226735282311e-11,0.0,0.0,8.72226735282311e-11
0.2125,0.0,0.0,6.976286215376604e-11,0.0,0.0,6.976286215376604e-11,0.0,0.0,6.976286215376604e-11,0.0,0.0,6.976286215376604e-11
0.215,0.0,0.0,5.5790039255043666e-11,0.0,0.0,5.5790039255043666e-11,0.0,0.0,5.5790039255043666e-11,0.0,0.0,5.5790039255043666e-11
0.2175,0.0,0.0,4.462386016257369e-11,0.0,0.0,4.462386016257369e-11,0.0,0.0,4.462386016257369e-11,0.0,0.0,4.462386016257369e-11
0.22,0.0,0.0,3.569056161722983e-11,0.0,0.0,3.569056161722983e-11,0.0,0.0,3.569056161722983e-11,0.0,0.0,3.569056161722983e-11
0.2225,0.0,0.0,2.8547830766001425e-11,0.0,0.0,2.8547830766001425e-11,0.0,0.0,2.8547830766001425e-11,0.0,0.0,2.8547830766001425e-11
0.225,0.0,0.0,2.283151445681142e-11,0.0,0.0,2.283151445681142e-11,0.0,0.0,2.283151445681142e-11,0.0,0.0,2.283151445681142e-11
0.2275,0.0,0.0,1.8262724665873975e-11,0.0,0.0,1.8262724665873975e-11,0.0,0.0,1.8262724665873975e-11,0.0,0.0,1.8262724665873975e-11
0.23,0.0,0.0,1.460165321987006e-11,0.0,0.0,1.460165321987006e-11,0.0,0.0,1.460165321987006e-11,0.0,0.0,1.460165321987006e-11
0.2325,0.0,0.0,1.1679546219056647e-11,0.0,0.0,1.1679546219056647e-11,0.0,0.0,1.1679546219056647e-11,0.0,0.0,1.1679546219056647e-11
0.235,0.0,0.0,9.343636975245317e-12,0.0,0.0,9.343636975245317e-12,0.0,0.0,9.343636975245317e-12,0.0,0.0,9.343636975245317e-12
0.2375,0.0,0.0,7.469580509678053e-12,0.0,0.0,7.469580509678053e-12,0.0,0.0,7.469580509678053e-12,0.0,0.0,7.469580509678053e-12
0.24,0.0,0.0,5.9756644077424426e-12,0.0,0.0,5.9756644077424426e-12,0.0,0.0,5.9756644077424426e-12,0.0,0.0,5.9756644077424426e-12
0.2425,0.0,0.0,4.780176254826074e-12,0.0,0.0,4.780176254826074e-12,0.0,0.0,4.780176254826074e-12,0.0,0.0,4.780176254826074e-12
0.245,0.0,0.0,3.822719918389339e-12,0.0,0.0,3.822719918389339e-12,0.0,0.0,3.822719918389339e-12,0.0,0.0,3.822719918389339e-12
0.2475,0.0,0.0,3.057110120607831e-12,0.0,0.0,3.057110120607831e-12,0.0,0.0,3.057110120607831e-12,0.0,0.0,3.057110120607831e-12
0.25,0.0,0.0,2.4442670110147446e-12,0.0,0.0,2.4442670110147446e-12,0.0,0.0,2.4442670110147446e-12,0.0,0.0,2.4442670110147446e-12
0.2525,0.0,0.0,1.9539925233402755e-12,0.0,0.0,1.9539925233402755e-12,0.0,0.0,1.9539925233402755e-12,0.0,0.0,1.9539925233402755e-12
0.255,0.0,0.0,1.566746732351021e-12,0.0,0.0,1.566746732351021e-12,0.0,0.0,1.566746732351021e-12,0.0,0.0,1.566746732351021e-12
0.2575,0.0,0.0,1.2505552149377763e-12,0.0,0.0,1.2505552149377763e-12,0.0,0.0,1.2505552149377763e-12,0.0,0.0,1.2505552149377763e-12
0.26,0.0,0.0,1.000088900582341e-12,0.0,0.0,1.000088900582341e-12,0.0,0.0,1.000088900582341e-12,0.0,0.0,1.000088900582341e-12
0.2625,0.0,0.0,8.029132914089132e-13,0.0,0.0,8.029132914089132e-13,0.0,0.0,8.029132914089132e-13,0.0,0.0,8.029132914089132e-13
0.265,0.0,0.0,6.377121053446899e-13,0.0,0.0,6.377121053446899e-13,0.0,0.0,6.377121053446899e-13,0.0,0.0,6.377121053446899e-13
0.2675,0.0,0.0,5.133671265866724e-13,0.0,0.0,5.133671265866724e-13,0.0,0.0,5.133671265866724e-13,0.0,0.0,5.133671265866724e-13
0.27,0.0,0.0,4.085620730620576e-13,0.0,0.0,4.085620730620576e-13,0.0,0.0,4.085620730620576e-13,0.0,0.0,4.085620730620576e-13
0.2725,0.0,0.0,3.268496584496461e-13,0.0,0.0,3.268496584496461e-13,0.0,0.0,3.268496584496461e-13,0.0,0.0,3.268496584496461e-13
0.275,0.0,0.0,2.5934809855243657e-13,0.0,0.0,2.5934809855243657e-13,0.0,0.0,2.5934809855243657e-13,0.0,0.0,2.5934809855243657e-13
0.2775,0.0,0.0,2.113864638886298e-13,0.0,0.0,2.113864638886298e-13,0.0,0.0,2.113864638886298e-13,0.0,0.0,2.113864638886298e-13
0.28,0.0,0.0,1.6697754290362354e-13,0.0,0.0,1.6697754290362354e-13,0.0,0.0,1.6697754290362354e-13,0.0,0.0,1.6697754290362354e-13
0.2825,0.0,0.0,1.3500311979441904e-13,0.0,0.0,1.3500311979441904e-13,0.0,0.0,1.3500311979441904e-13,0.0,0.0,1.3500311979441904e-13
0.285,0.0,0.0,1.0835776720341528e-13,0.0,0.0,1.0835776720341528e-13,0.0,0.0,1.0835776720341528e-13,0.0,0.0,1.0835776720341528e-13
0.2875,0.0,0.0,8.881784197001252e-14,0.0,0.0,8.881784197001252e-14,0.0,0.0,8.881784197001252e-14,0.0,0.0,8.881784197001252e-14
0.29,0.0,0.0,6.927791673660977e-14,0.0,0.0,6.927791673660977e-14,0.0,0.0,6.927791673660977e-14,0.0,0.0,6.927791673660977e-14
0.2925,0.0,0.0,5.5067062021407764e-14,0.0,0.0,5.5067062021407764e-14,0.0,0.0,5.5067062021407764e-14,0.0,0.0,5.5067062021407764e-14
0.295,0.0,0.0,4.085620730620576e-14,0.0,0.0,4.085620730620576e-14,0.0,0.0,4.085620730620576e-14,0.0,0.0,4.085620730620576e-14
0.2975,0.0,0.0,3.552713678800501e-14,0.0,0.0,3.552713678800501e-14,0.0,0.0,3.552713678800501e-14,0.0,0.0,3.552713678800501e-14
0.3,0.0,0.0,2.6645352591003757e-14,0.0,0.0,2.6645352591003757e-14,0.0,0.0,2.6645352591003757e-14,0.0,0.0,2.6645352591003757e-14
0.3025,0.0,0.0,2.1316282072803006e-14,0.0,0.0,2.1316282072803006e-14,0.0,0.0,2.1316282072803006e-14,0.0,0.0,2.1316282072803006e-14
0.305,0.0,0.0,1.7763568394002505e-14,0.0,0.0,1.7763568394002505e-14,0.0,0.0,1.7763568394002505e-14,0.0,0.0,1.7763568394002505e-14
0.3075,0.0,0.0,1.4210854715202004e-14,0.0,0.0,1.4210854715202004e-14,0.0,0.0,1.4210854715202004e-14,0.0,0.0,1.4210854715202004e-14
0.31,0.0,0.0,1.0658141036401503e-14,0.0,0.0,1.0658141036401503e-14,0.0,0.0,1.0658141036401503e-14,0.0,0.0,1.0658141036401503e-14
0.3125,0.0,0.0,8.881784197001252e-15,0.0,0.0,8.881784197001252e-15,0.0,0.0,8.881784197001252e-15,0.0,0.0,8.881784197001252e-15
0.315,0.0,0.0,7.105427357601002e-15,0.0,0.0,7.105427357601002e-15,0.0,0.0,7.105427357601002e-15,0.0,0.0,7.105427357601002e-15
0.3175,0.0,0.0,7.105427357601002e-15,0.0,0.0,7.105427357601002e-15,0.0,0.0,7.105427357601002e-15,0.0,0.0,7.105427357601002e-15
0.32,0.0,0.0,3.552713678800501e-15,0.0,0.0,3.552713678800501e-15,0.0,0.0,3.552713678800501e-15,0.0,0.0,3.552713678800501e-15
0.3225,0.0,0.0,3.552713678800501e-15,0.0,0.0,3.552713678800501e-15,0.0,0.0,3.552713678800501e-15,0.0,0.0,3.552713678800501e-15
0.325,0.0,0.0,3.552713678800501e-15,0.0,0.0,3.552713678800501e-15,0.0,0.0,3.552713678800501e-15,0.0,0.0,3.552713678800501e-15
0.3275,0.0,0.0,3.552713678800501e-15,0.0,0.0,3.552713678800501e-15,0.0,0.0,3.552713678800501e-15,0.0,0.0,3.552713678800501e-15
0.33,0.0,0.0,3.552713678800501e-15,0.0,0.0,3.552713678800501e-15,0.0,0.0,3.552713678800501e-15,0.0,0.0,3.552713678800501e-15
0.3325,0.0,0.0,0.0,0.0,0.0,0.0,0.0,0.0,0.0,0.0,0.0,0.0
0.335,0.0,0.0,0.0,0.0,0.0,0.0,0.0,0.0,0.0,0.0,0.0,0.0
0.3375,0.0,0.0,0.0,0.0,0.0,0.0,0.0,0.0,0.0,0.0,0.0,0.0
0.34,0.0,0.0,0.0,0.0,0.0,0.0,0.0,0.0,0.0,0.0,0.0,0.0
0.3425,0.0,0.0,0.0,0.0,0.0,0.0,0.0,0.0,0.0,0.0,0.0,0.0
0.345,0.0,0.0,0.0,0.0,0.0,0.0,0.0,0.0,0.0,0.0,0.0,0.0
0.3475,0.0,0.0,0.0,0.0,0.0,0.0,0.0,0.0,0.0,0.0,0.0,0.0
0.35,0.0,0.0,0.0,0.0,0.0,0.0,0.0,0.0,0.0,0.0,0.0,0.0
0.3525,0.0,0.0,0.0,0.0,0.0,0.0,0.0,0.0,0.0,0.0,0.0,0.0
0.355,0.0,0.0,0.0,0.0,0.0,0.0,0.0,0.0,0.0,0.0,0.0,0.0
0.3575,0.0,0.0,0.0,0.0,0.0,0.0,0.0,0.0,0.0,0.0,0.0,0.0
0.36,0.0,0.0,0.0,0.0,0.0,0.0,0.0,0.0,0.0,0.0,0.0,0.0
0.3625,0.0,0.0,0.0,0.0,0.0,0.0,0.0,0.0,0.0,0.0,0.0,0.0
0.365,0.0,0.0,0.0,0.0,0.0,0.0,0.0,0.0,0.0,0.0,0.0,0.0
0.3675,0.0,0.0,0.0,0.0,0.0,0.0,0.0,0.0,0.0,0.0,0.0,0.0
0.37,0.0,0.0,0.0,0.0,0.0,0.0,0.0,0.0,0.0,0.0,0.0,0.0
0.3725,0.0,0.0,0.0,0.0,0.0,0.0,0.0,0.0,0.0,0.0,0.0,0.0
0.375,0.0,0.0,0.0,0.0,0.0,0.0,0.0,0.0,0.0,0.0,0.0,0.0
0.3775,0.0,0.0,0.0,0.0,0.0,0.0,0.0,0.0,0.0,0.0,0.0,0.0
0.38,0.0,0.0,0.0,0.0,0.0,0.0,0.0,0.0,0.0,0.0,0.0,0.0
0.3825,0.0,0.0,0.0,0.0,0.0,0.0,0.0,0.0,0.0,0.0,0.0,0.0
0.385,0.0,0.0,0.0,0.0,0.0,0.0,0.0,0.0,0.0,0.0,0.0,0.0
0.3875,0.0,0.0,0.0,0.0,0.0,0.0,0.0,0.0,0.0,0.0,0.0,0.0
0.39,0.0,0.0,0.0,0.0,0.0,0.0,0.0,0.0,0.0,0.0,0.0,0.0
0.3925,0.0,0.0,0.0,0.0,0.0,0.0,0.0,0.0,0.0,0.0,0.0,0.0
0.395,0.0,0.0,0.0,0.0,0.0,0.0,0.0,0.0,0.0,0.0,0.0,0.0
0.3975,0.0,0.0,0.0,0.0,0.0,0.0,0.0,0.0,0.0,0.0,0.0,0.0
0.4,0.0,0.0,0.0,0.0,0.0,0.0,0.0,0.0,0.0,0.0,0.0,0.0
0.4025,0.0,0.0,0.0,0.0,0.0,0.0,0.0,0.0,0.0,0.0,0.0,0.0
0.405,0.0,0.0,0.0,0.0,0.0,0.0,0.0,0.0,0.0,0.0,0.0,0.0
0.4075,0.0,0.0,0.0,0.0,0.0,0.0,0.0,0.0,0.0,0.0,0.0,0.0
0.41,0.0,0.0,0.0,0.0,0.0,0.0,0.0,0.0,0.0,0.0,0.0,0.0
0.4125,0.0,0.0,0.0,0.0,0.0,0.0,0.0,0.0,0.0,0.0,0.0,0.0
0.415,0.0,0.0,0.0,0.0,0.0,0.0,0.0,0.0,0.0,0.0,0.0,0.0
0.4175,0.0,0.0,0.0,0.0,0.0,0.0,0.0,0.0,0.0,0.0,0.0,0.0
0.42,0.0,0.0,0.0,0.0,0.0,0.0,0.0,0.0,0.0,0.0,0.0,0.0
0.4225,0.0,0.0,0.0,0.0,0.0,0.0,0.0,0.0,0.0,0.0,0.0,0.0
0.425,0.0,0.0,0.0,0.0,0.0,0.0,0.0,0.0,0.0,0.0,0.0,0.0
0.4275,0.0,0.0,0.0,0.0,0.0,0.0,0.0,0.0,0.0,0.0,0.0,0.0
0.43,0.0,0.0,0.0,0.0,0.0,0.0,0.0,0.0,0.0,0.0,0.0,0.0
0.4325,0.0,0.0,0.0,0.0,0.0,0.0,0.0,0.0,0.0,0.0,0.0,0.0
0.435,0.0,0.0,0.0,0.0,0.0,0.0,0.0,0.0,0.0,0.0,0.0,0.0
0.4375,0.0,0.0,0.0,0.0,0.0,0.0,0.0,0.0,0.0,0.0,0.0,0.0
0.44,0.0,0.0,0.0,0.0,0.0,0.0,0.0,0.0,0.0,0.0,0.0,0.0
0.4425,0.0,0.0,0.0,0.0,0.0,0.0,0.0,0.0,0.0,0.0,0.0,0.0
0.445,0.0,0.0,0.0,0.0,0.0,0.0,0.0,0.0,0.0,0.0,0.0,0.0
0.4475,0.0,0.0,0.0,0.0,0.0,0.0,0.0,0.0,0.0,0.0,0.0,0.0
0.45,0.0,0.0,0.0,0.0,0.0,0.0,0.0,0.0,0.0,0.0,0.0,0.0
0.4525,0.0,0.0,0.0,0.0,0.0,0.0,0.0,0.0,0.0,0.0,0.0,0.0
0.455,0.0,0.0,0.0,0.0,0.0,0.0,0.0,0.0,0.0,0.0,0.0,0.0
0.4575,0.0,0.0,0.0,0.0,0.0,0.0,0.0,0.0,0.0,0.0,0.0,0.0
0.46,0.0,0.0,0.0,0.0,0.0,0.0,0.0,0.0,0.0,0.0,0.0,0.0
0.4625,0.0,0.0,0.0,0.0,0.0,0.0,0.0,0.0,0.0,0.0,0.0,0.0
0.465,0.0,0.0,0.0,0.0,0.0,0.0,0.0,0.0,0.0,0.0,0.0,0.0
0.4675,0.0,0.0,0.0,0.0,0.0,0.0,0.0,0.0,0.0,0.0,0.0,0.0
0.47,0.0,0.0,0.0,0.0,0.0,0.0,0.0,0.0,0.0,0.0,0.0,0.0
0.4725,0.0,0.0,0.0,0.0,0.0,0.0,0.0,0.0,0.0,0.0,0.0,0.0
0.475,0.0,0.0,0.0,0.0,0.0,0.0,0.0,0.0,0.0,0.0,0.0,0.0
0.4775,0.0,0.0,0.0,0.0,0.0,0.0,0.0,0.0,0.0,0.0,0.0,0.0
0.48,0.0,0.0,0.0,0.0,0.0,0.0,0.0,0.0,0.0,0.0,0.0,0.0
0.4825,0.0,0.0,0.0,0.0,0.0,0.0,0.0,0.0,0.0,0.0,0.0,0.0
0.485,0.0,0.0,0.0,0.0,0.0,0.0,0.0,0.0,0.0,0.0,0.0,0.0
0.4875,0.0,0.0,0.0,0.0,0.0,0.0,0.0,0.0,0.0,0.0,0.0,0.0
0.49,0.0,0.0,0.0,0.0,0.0,0.0,0.0,0.0,0.0,0.0,0.0,0.0
0.4925,0.0,0.0,0.0,0.0,0.0,0.0,0.0,0.0,0.0,0.0,0.0,0.0
0.495,0.0,0.0,0.0,0.0,0.0,0.0,0.0,0.0,0.0,0.0,0.0,0.0
0.4975,0.0,0.0,0.0,0.0,0.0,0.0,0.0,0.0,0.0,0.0,0.0,0.0
0.5,0.0,0.0,0.0,0.0,0.0,0.0,0.0,0.0,0.0,0.0,0.0,0.0
0.5025,0.0,0.0,0.0,0.0,0.0,0.0,0.0,0.0,0.0,0.0,0.0,0.0
0.505,0.0,0.0,0.0,0.0,0.0,0.0,0.0,0.0,0.0,0.0,0.0,0.0
0.5075,0.0,0.0,0.0,0.0,0.0,0.0,0.0,0.0,0.0,0.0,0.0,0.0
0.51,0.0,0.0,0.0,0.0,0.0,0.0,0.0,0.0,0.0,0.0,0.0,0.0
0.5125,0.0,0.0,0.0,0.0,0.0,0.0,0.0,0.0,0.0,0.0,0.0,0.0
0.515,0.0,0.0,0.0,0.0,0.0,0.0,0.0,0.0,0.0,0.0,0.0,0.0
0.5175,0.0,0.0,0.0,0.0,0.0,0.0,0.0,0.0,0.0,0.0,0.0,0.0
0.52,0.0,0.0,0.0,0.0,0.0,0.0,0.0,0.0,0.0,0.0,0.0,0.0
0.5225,0.0,0.0,0.0,0.0,0.0,0.0,0.0,0.0,0.0,0.0,0.0,0.0
0.525,0.0,0.0,0.0,0.0,0.0,0.0,0.0,0.0,0.0,0.0,0.0,0.0
0.5275,0.0,0.0,0.0,0.0,0.0,0.0,0.0,0.0,0.0,0.0,0.0,0.0
0.53,0.0,0.0,0.0,0.0,0.0,0.0,0.0,0.0,0.0,0.0,0.0,0.0
0.5325,0.0,0.0,0.0,0.0,0.0,0.0,0.0,0.0,0.0,0.0,0.0,0.0
0.535,0.0,0.0,0.0,0.0,0.0,0.0,0.0,0.0,0.0,0.0,0.0,0.0
0.5375,0.0,0.0,0.0,0.0,0.0,0.0,0.0,0.0,0.0,0.0,0.0,0.0
0.54,0.0,0.0,0.0,0.0,0.0,0.0,0.0,0.0,0.0,0.0,0.0,0.0
0.5425,0.0,0.0,0.0,0.0,0.0,0.0,0.0,0.0,0.0,0.0,0.0,0.0
0.545,0.0,0.0,0.0,0.0,0.0,0.0,0.0,0.0,0.0,0.0,0.0,0.0
0.5475,0.0,0.0,0.0,0.0,0.0,0.0,0.0,0.0,0.0,0.0,0.0,0.0
0.55,0.0,0.0,0.0,0.0,0.0,0.0,0.0,0.0,0.0,0.0,0.0,0.0
0.5525,0.0,0.0,0.0,0.0,0.0,0.0,0.0,0.0,0.0,0.0,0.0,0.0
0.555,0.0,0.0,0.0,0.0,0.0,0.0,0.0,0.0,0.0,0.0,0.0,0.0
0.5575,0.0,0.0,0.0,0.0,0.0,0.0,0.0,0.0,0.0,0.0,0.0,0.0
0.56,0.0,0.0,0.0,0.0,0.0,0.0,0.0,0.0,0.0,0.0,0.0,0.0
0.5625,0.0,0.0,0.0,0.0,0.0,0.0,0.0,0.0,0.0,0.0,0.0,0.0
0.565,0.0,0.0,0.0,0.0,0.0,0.0,0.0,0.0,0.0,0.0,0.0,0.0
0.5675,0.0,0.0,0.0,0.0,0.0,0.0,0.0,0.0,0.0,0.0,0.0,0.0
0.57,0.0,0.0,0.0,0.0,0.0,0.0,0.0,0.0,0.0,0.0,0.0,0.0
0.5725,0.0,0.0,0.0,0.0,0.0,0.0,0.0,0.0,0.0,0.0,0.0,0.0
0.575,0.0,0.0,0.0,0.0,0.0,0.0,0.0,0.0,0.0,0.0,0.0,0.0
0.5775,0.0,0.0,0.0,0.0,0.0,0.0,0.0,0.0,0.0,0.0,0.0,0.0
0.58,0.0,0.0,0.0,0.0,0.0,0.0,0.0,0.0,0.0,0.0,0.0,0.0
0.5825,0.0,0.0,0.0,0.0,0.0,0.0,0.0,0.0,0.0,0.0,0.0,0.0
0.585,0.0,0.0,0.0,0.0,0.0,0.0,0.0,0.0,0.0,0.0,0.0,0.0
0.5875,0.0,0.0,0.0,0.0,0.0,0.0,0.0,0.0,0.0,0.0,0.0,0.0
0.59,0.0,0.0,0.0,0.0,0.0,0.0,0.0,0.0,0.0,0.0,0.0,0.0
0.5925,0.0,0.0,0.0,0.0,0.0,0.0,0.0,0.0,0.0,0.0,0.0,0.0
0.595,0.0,0.0,0.0,0.0,0.0,0.0,0.0,0.0,0.0,0.0,0.0,0.0
0.5975,0.0,0.0,0.0,0.0,0.0,0.0,0.0,0.0,0.0,0.0,0.0,0.0
0.6,0.0,0.0,0.0,0.0,0.0,0.0,0.0,0.0,0.0,0.0,0.0,0.0
0.6025,0.0,0.0,0.0,0.0,0.0,0.0,0.0,0.0,0.0,0.0,0.0,0.0
0.605,0.0,0.0,0.0,0.0,0.0,0.0,0.0,0.0,0.0,0.0,0.0,0.0
0.6075,0.0,0.0,0.0,0.0,0.0,0.0,0.0,0.0,0.0,0.0,0.0,0.0
0.61,0.0,0.0,0.0,0.0,0.0,0.0,0.0,0.0,0.0,0.0,0.0,0.0
0.6125,0.0,0.0,0.0,0.0,0.0,0.0,0.0,0.0,0.0,0.0,0.0,0.0
0.615,0.0,0.0,0.0,0.0,0.0,0.0,0.0,0.0,0.0,0.0,0.0,0.0
0.6175,0.0,0.0,0.0,0.0,0.0,0.0,0.0,0.0,0.0,0.0,0.0,0.0
0.62,0.0,0.0,0.0,0.0,0.0,0.0,0.0,0.0,0.0,0.0,0.0,0.0
0.6225,0.0,0.0,0.0,0.0,0.0,0.0,0.0,0.0,0.0,0.0,0.0,0.0
0.625,0.0,0.0,0.0,0.0,0.0,0.0,0.0,0.0,0.0,0.0,0.0,0.0
0.6275,0.0,0.0,0.0,0.0,0.0,0.0,0.0,0.0,0.0,0.0,0.0,0.0
0.63,0.0,0.0,0.0,0.0,0.0,0.0,0.0,0.0,0.0,0.0,0.0,0.0
0.6325,0.0,0.0,0.0,0.0,0.0,0.0,0.0,0.0,0.0,0.0,0.0,0.0
0.635,0.0,0.0,0.0,0.0,0.0,0.0,0.0,0.0,0.0,0.0,0.0,0.0
0.6375,0.0,0.0,0.0,0.0,0.0,0.0,0.0,0.0,0.0,0.0,0.0,0.0
0.64,0.0,0.0,0.0,0.0,0.0,0.0,0.0,0.0,0.0,0.0,0.0,0.0
0.6425,0.0,0.0,0.0,0.0,0.0,0.0,0.0,0.0,0.0,0.0,0.0,0.0
0.645,0.0,0.0,0.0,0.0,0.0,0.0,0.0,0.0,0.0,0.0,0.0,0.0
0.6475,0.0,0.0,0.0,0.0,0.0,0.0,0.0,0.0,0.0,0.0,0.0,0.0
0.65,0.0,0.0,0.0,0.0,0.0,0.0,0.0,0.0,0.0,0.0,0.0,0.0
0.6525,0.0,0.0,0.0,0.0,0.0,0.0,0.0,0.0,0.0,0.0,0.0,0.0
0.655,0.0,0.0,0.0,0.0,0.0,0.0,0.0,0.0,0.0,0.0,0.0,0.0
0.6575,0.0,0.0,0.0,0.0,0.0,0.0,0.0,0.0,0.0,0.0,0.0,0.0
0.66,0.0,0.0,0.0,0.0,0.0,0.0,0.0,0.0,0.0,0.0,0.0,0.0
0.6625,0.0,0.0,0.0,0.0,0.0,0.0,0.0,0.0,0.0,0.0,0.0,0.0
0.665,0.0,0.0,0.0,0.0,0.0,0.0,0.0,0.0,0.0,0.0,0.0,0.0
0.6675,0.0,0.0,0.0,0.0,0.0,0.0,0.0,0.0,0.0,0.0,0.0,0.0
0.67,0.0,0.0,0.0,0.0,0.0,0.0,0.0,0.0,0.0,0.0,0.0,0.0
0.6725,0.0,0.0,0.0,0.0,0.0,0.0,0.0,0.0,0.0,0.0,0.0,0.0
0.675,0.0,0.0,0.0,0.0,0.0,0.0,0.0,0.0,0.0,0.0,0.0,0.0
0.6775,0.0,0.0,0.0,0.0,0.0,0.0,0.0,0.0,0.0,0.0,0.0,0.0
0.68,0.0,0.0,0.0,0.0,0.0,0.0,0.0,0.0,0.0,0.0,0.0,0.0
0.6825,0.0,0.0,0.0,0.0,0.0,0.0,0.0,0.0,0.0,0.0,0.0,0.0
0.685,0.0,0.0,0.0,0.0,0.0,0.0,0.0,0.0,0.0,0.0,0.0,0.0
0.6875,0.0,0.0,0.0,0.0,0.0,0.0,0.0,0.0,0.0,0.0,0.0,0.0
0.69,0.0,0.0,0.0,0.0,0.0,0.0,0.0,0.0,0.0,0.0,0.0,0.0
0.6925,0.0,0.0,0.0,0.0,0.0,0.0,0.0,0.0,0.0,0.0,0.0,0.0
0.695,0.0,0.0,0.0,0.0,0.0,0.0,0.0,0.0,0.0,0.0,0.0,0.0
0.6975,0.0,0.0,0.0,0.0,0.0,0.0,0.0,0.0,0.0,0.0,0.0,0.0
0.7,0.0,0.0,0.0,0.0,0.0,0.0,0.0,0.0,0.0,0.0,0.0,0.0
0.7025,0.0,0.0,0.0,0.0,0.0,0.0,0.0,0.0,0.0,0.0,0.0,0.0
0.705,0.0,0.0,0.0,0.0,0.0,0.0,0.0,0.0,0.0,0.0,0.0,0.0
0.7075,0.0,0.0,0.0,0.0,0.0,0.0,0.0,0.0,0.0,0.0,0.0,0.0
0.71,0.0,0.0,0.0,0.0,0.0,0.0,0.0,0.0,0.0,0.0,0.0,0.0
0.7125,0.0,0.0,0.0,0.0,0.0,0.0,0.0,0.0,0.0,0.0,0.0,0.0
0.715,0.0,0.0,0.0,0.0,0.0,0.0,0.0,0.0,0.0,0.0,0.0,0.0
0.7175,0.0,0.0,0.0,0.0,0.0,0.0,0.0,0.0,0.0,0.0,0.0,0.0
0.72,0.0,0.0,0.0,0.0,0.0,0.0,0.0,0.0,0.0,0.0,0.0,0.0
0.7225,0.0,0.0,0.0,0.0,0.0,0.0,0.0,0.0,0.0,0.0,0.0,0.0
0.725,0.0,0.0,0.0,0.0,0.0,0.0,0.0,0.0,0.0,0.0,0.0,0.0
0.7275,0.0,0.0,0.0,0.0,0.0,0.0,0.0,0.0,0.0,0.0,0.0,0.0
0.73,0.0,0.0,0.0,0.0,0.0,0.0,0.0,0.0,0.0,0.0,0.0,0.0
0.7325,0.0,0.0,0.0,0.0,0.0,0.0,0.0,0.0,0.0,0.0,0.0,0.0
0.735,0.0,0.0,0.0,0.0,0.0,0.0,0.0,0.0,0.0,0.0,0.0,0.0
0.7375,0.0,0.0,0.0,0.0,0.0,0.0,0.0,0.0,0.0,0.0,0.0,0.0
0.74,0.0,0.0,0.0,0.0,0.0,0.0,0.0,0.0,0.0,0.0,0.0,0.0
0.7425,0.0,0.0,0.0,0.0,0.0,0.0,0.0,0.0,0.0,0.0,0.0,0.0
0.745,0.0,0.0,0.0,0.0,0.0,0.0,0.0,0.0,0.0,0.0,0.0,0.0
0.7475,0.0,0.0,0.0,0.0,0.0,0.0,0.0,0.0,0.0,0.0,0.0,0.0
0.75,0.0,0.0,0.0,0.0,0.0,0.0,0.0,0.0,0.0,0.0,0.0,0.0
0.7525,0.0,0.0,0.0,0.0,0.0,0.0,0.0,0.0,0.0,0.0,0.0,0.0
0.755,0.0,0.0,0.0,0.0,0.0,0.0,0.0,0.0,0.0,0.0,0.0,0.0
0.7575,0.0,0.0,0.0,0.0,0.0,0.0,0.0,0.0,0.0,0.0,0.0,0.0
0.76,0.0,0.0,0.0,0.0,0.0,0.0,0.0,0.0,0.0,0.0,0.0,0.0
0.7625,0.0,0.0,0.0,0.0,0.0,0.0,0.0,0.0,0.0,0.0,0.0,0.0
0.765,0.0,0.0,0.0,0.0,0.0,0.0,0.0,0.0,0.0,0.0,0.0,0.0
0.7675,0.0,0.0,0.0,0.0,0.0,0.0,0.0,0.0,0.0,0.0,0.0,0.0
0.77,0.0,0.0,0.0,0.0,0.0,0.0,0.0,0.0,0.0,0.0,0.0,0.0
0.7725,0.0,0.0,0.0,0.0,0.0,0.0,0.0,0.0,0.0,0.0,0.0,0.0
0.775,0.0,0.0,0.0,0.0,0.0,0.0,0.0,0.0,0.0,0.0,0.0,0.0
0.7775,0.0,0.0,0.0,0.0,0.0,0.0,0.0,0.0,0.0,0.0,0.0,0.0
0.78,0.0,0.0,0.0,0.0,0.0,0.0,0.0,0.0,0.0,0.0,0.0,0.0
0.7825,0.0,0.0,0.0,0.0,0.0,0.0,0.0,0.0,0.0,0.0,0.0,0.0
0.785,0.0,0.0,0.0,0.0,0.0,0.0,0.0,0.0,0.0,0.0,0.0,0.0
0.7875,0.0,0.0,0.0,0.0,0.0,0.0,0.0,0.0,0.0,0.0,0.0,0.0
0.79,0.0,0.0,0.0,0.0,0.0,0.0,0.0,0.0,0.0,0.0,0.0,0.0
0.7925,0.0,0.0,0.0,0.0,0.0,0.0,0.0,0.0,0.0,0.0,0.0,0.0
0.795,0.0,0.0,0.0,0.0,0.0,0.0,0.0,0.0,0.0,0.0,0.0,0.0
0.7975,0.0,0.0,0.0,0.0,0.0,0.0,0.0,0.0,0.0,0.0,0.0,0.0
0.8,0.0,0.0,0.0,0.0,0.0,0.0,0.0,0.0,0.0,0.0,0.0,0.0
0.8025,0.0,0.0,0.0,0.0,0.0,0.0,0.0,0.0,0.0,0.0,0.0,0.0
0.805,0.0,0.0,0.0,0.0,0.0,0.0,0.0,0.0,0.0,0.0,0.0,0.0
0.8075,0.0,0.0,0.0,0.0,0.0,0.0,0.0,0.0,0.0,0.0,0.0,0.0
0.81,0.0,0.0,0.0,0.0,0.0,0.0,0.0,0.0,0.0,0.0,0.0,0.0
0.8125,0.0,0.0,0.0,0.0,0.0,0.0,0.0,0.0,0.0,0.0,0.0,0.0
0.815,0.0,0.0,0.0,0.0,0.0,0.0,0.0,0.0,0.0,0.0,0.0,0.0
0.8175,0.0,0.0,0.0,0.0,0.0,0.0,0.0,0.0,0.0,0.0,0.0,0.0
0.82,0.0,0.0,0.0,0.0,0.0,0.0,0.0,0.0,0.0,0.0,0.0,0.0
0.8225,0.0,0.0,0.0,0.0,0.0,0.0,0.0,0.0,0.0,0.0,0.0,0.0
0.825,0.0,0.0,0.0,0.0,0.0,0.0,0.0,0.0,0.0,0.0,0.0,0.0
0.8275,0.0,0.0,0.0,0.0,0.0,0.0,0.0,0.0,0.0,0.0,0.0,0.0
0.83,0.0,0.0,0.0,0.0,0.0,0.0,0.0,0.0,0.0,0.0,0.0,0.0
0.8325,0.0,0.0,0.0,0.0,0.0,0.0,0.0,0.0,0.0,0.0,0.0,0.0
0.835,0.0,0.0,0.0,0.0,0.0,0.0,0.0,0.0,0.0,0.0,0.0,0.0
0.8375,0.0,0.0,0.0,0.0,0.0,0.0,0.0,0.0,0.0,0.0,0.0,0.0
0.84,0.0,0.0,0.0,0.0,0.0,0.0,0.0,0.0,0.0,0.0,0.0,0.0
0.8425,0.0,0.0,0.0,0.0,0.0,0.0,0.0,0.0,0.0,0.0,0.0,0.0
0.845,0.0,0.0,0.0,0.0,0.0,0.0,0.0,0.0,0.0,0.0,0.0,0.0
0.8475,0.0,0.0,0.0,0.0,0.0,0.0,0.0,0.0,0.0,0.0,0.0,0.0
0.85,0.0,0.0,0.0,0.0,0.0,0.0,0.0,0.0,0.0,0.0,0.0,0.0
0.8525,0.0,0.0,0.0,0.0,0.0,0.0,0.0,0.0,0.0,0.0,0.0,0.0
0.855,0.0,0.0,0.0,0.0,0.0,0.0,0.0,0.0,0.0,0.0,0.0,0.0
0.8575,0.0,0.0,0.0,0.0,0.0,0.0,0.0,0.0,0.0,0.0,0.0,0.0
0.86,0.0,0.0,0.0,0.0,0.0,0.0,0.0,0.0,0.0,0.0,0.0,0.0
0.8625,0.0,0.0,0.0,0.0,0.0,0.0,0.0,0.0,0.0,0.0,0.0,0.0
0.865,0.0,0.0,0.0,0.0,0.0,0.0,0.0,0.0,0.0,0.0,0.0,0.0
0.8675,0.0,0.0,0.0,0.0,0.0,0.0,0.0,0.0,0.0,0.0,0.0,0.0
0.87,0.0,0.0,0.0,0.0,0.0,0.0,0.0,0.0,0.0,0.0,0.0,0.0
0.8725,0.0,0.0,0.0,0.0,0.0,0.0,0.0,0.0,0.0,0.0,0.0,0.0
0.875,0.0,0.0,0.0,0.0,0.0,0.0,0.0,0.0,0.0,0.0,0.0,0.0
0.8775,0.0,0.0,0.0,0.0,0.0,0.0,0.0,0.0,0.0,0.0,0.0,0.0
0.88,0.0,0.0,0.0,0.0,0.0,0.0,0.0,0.0,0.0,0.0,0.0,0.0
0.8825,0.0,0.0,0.0,0.0,0.0,0.0,0.0,0.0,0.0,0.0,0.0,0.0
0.885,0.0,0.0,0.0,0.0,0.0,0.0,0.0,0.0,0.0,0.0,0.0,0.0
0.8875,0.0,0.0,0.0,0.0,0.0,0.0,0.0,0.0,0.0,0.0,0.0,0.0
0.89,0.0,0.0,0.0,0.0,0.0,0.0,0.0,0.0,0.0,0.0,0.0,0.0
0.8925,0.0,0.0,0.0,0.0,0.0,0.0,0.0,0.0,0.0,0.0,0.0,0.0
0.895,0.0,0.0,0.0,0.0,0.0,0.0,0.0,0.0,0.0,0.0,0.0,0.0
0.8975,0.0,0.0,0.0,0.0,0.0,0.0,0.0,0.0,0.0,0.0,0.0,0.0
0.9,0.0,0.0,0.0,0.0,0.0,0.0,0.0,0.0,0.0,0.0,0.0,0.0
0.9025,0.0,0.0,0.0,0.0,0.0,0.0,0.0,0.0,0.0,0.0,0.0,0.0
0.905,0.0,0.0,0.0,0.0,0.0,0.0,0.0,0.0,0.0,0.0,0.0,0.0
0.9075,0.0,0.0,0.0,0.0,0.0,0.0,0.0,0.0,0.0,0.0,0.0,0.0
0.91,0.0,0.0,0.0,0.0,0.0,0.0,0.0,0.0,0.0,0.0,0.0,0.0
0.9125,0.0,0.0,0.0,0.0,0.0,0.0,0.0,0.0,0.0,0.0,0.0,0.0
0.915,0.0,0.0,0.0,0.0,0.0,0.0,0.0,0.0,0.0,0.0,0.0,0.0
0.9175,0.0,0.0,0.0,0.0,0.0,0.0,0.0,0.0,0.0,0.0,0.0,0.0
0.92,0.0,0.0,0.0,0.0,0.0,0.0,0.0,0.0,0.0,0.0,0.0,0.0
0.9225,0.0,0.0,0.0,0.0,0.0,0.0,0.0,0.0,0.0,0.0,0.0,0.0
0.925,0.0,0.0,0.0,0.0,0.0,0.0,0.0,0.0,0.0,0.0,0.0,0.0
0.9275,0.0,0.0,0.0,0.0,0.0,0.0,0.0,0.0,0.0,0.0,0.0,0.0
0.93,0.0,0.0,0.0,0.0,0.0,0.0,0.0,0.0,0.0,0.0,0.0,0.0
0.9325,0.0,0.0,0.0,0.0,0.0,0.0,0.0,0.0,0.0,0.0,0.0,0.0
0.935,0.0,0.0,0.0,0.0,0.0,0.0,0.0,0.0,0.0,0.0,0.0,0.0
0.9375,0.0,0.0,0.0,0.0,0.0,0.0,0.0,0.0,0.0,0.0,0.0,0.0
0.94,0.0,0.0,0.0,0.0,0.0,0.0,0.0,0.0,0.0,0.0,0.0,0.0
0.9425,0.0,0.0,0.0,0.0,0.0,0.0,0.0,0.0,0.0,0.0,0.0,0.0
0.945,0.0,0.0,0.0,0.0,0.0,0.0,0.0,0.0,0.0,0.0,0.0,0.0
0.9475,0.0,0.0,0.0,0.0,0.0,0.0,0.0,0.0,0.0,0.0,0.0,0.0
0.95,0.0,0.0,0.0,0.0,0.0,0.0,0.0,0.0,0.0,0.0,0.0,0.0
0.9525,0.0,0.0,0.0,0.0,0.0,0.0,0.0,0.0,0.0,0.0,0.0,0.0
0.955,0.0,0.0,0.0,0.0,0.0,0.0,0.0,0.0,0.0,0.0,0.0,0.0
0.9575,0.0,0.0,0.0,0.0,0.0,0.0,0.0,0.0,0.0,0.0,0.0,0.0
0.96,0.0,0.0,0.0,0.0,0.0,0.0,0.0,0.0,0.0,0.0,0.0,0.0
0.9625,0.0,0.0,0.0,0.0,0.0,0.0,0.0,0.0,0.0,0.0,0.0,0.0
0.965,0.0,0.0,0.0,0.0,0.0,0.0,0.0,0.0,0.0,0.0,0.0,0.0
0.9675,0.0,0.0,0.0,0.0,0.0,0.0,0.0,0.0,0.0,0.0,0.0,0.0
0.97,0.0,0.0,0.0,0.0,0.0,0.0,0.0,0.0,0.0,0.0,0.0,0.0
0.9725,0.0,0.0,0.0,0.0,0.0,0.0,0.0,0.0,0.0,0.0,0.0,0.0
0.975,0.0,0.0,0.0,0.0,0.0,0.0,0.0,0.0,0.0,0.0,0.0,0.0
0.9775,0.0,0.0,0.0,0.0,0.0,0.0,0.0,0.0,0.0,0.0,0.0,0.0
0.98,0.0,0.0,0.0,0.0,0.0,0.0,0.0,0.0,0.0,0.0,0.0,0.0
0.9825,0.0,0.0,0.0,0.0,0.0,0.0,0.0,0.0,0.0,0.0,0.0,0.0
0.985,0.0,0.0,0.0,0.0,0.0,0.0,0.0,0.0,0.0,0.0,0.0,0.0
0.9875,0.0,0.0,0.0,0.0,0.0,0.0,0.0,0.0,0.0,0.0,0.0,0.0
0.99,0.0,0.0,0.0,0.0,0.0,0.0,0.0,0.0,0.0,0.0,0.0,0.0
0.9925,0.0,0.0,0.0,0.0,0.0,0.0,0.0,0.0,0.0,0.0,0.0,0.0
0.995,0.0,0.0,0.0,0.0,0.0,0.0,0.0,0.0,0.0,0.0,0.0,0.0
0.9975,0.0,0.0,0.0,0.0,0.0,0.0,0.0,0.0,0.0,0.0,0.0,0.0
1.0,0.0,0.0,0.0,0.0,0.0,0.0,0.0,0.0,0.0,0.0,0.0,0.0
1.0025,0.0,0.0,0.0,0.0,0.0,0.0,0.0,0.0,0.0,0.0,0.0,0.0
1.005,0.0,0.0,0.0,0.0,0.0,0.0,0.0,0.0,0.0,0.0,0.0,0.0
1.0075,0.0,0.0,0.0,0.0,0.0,0.0,0.0,0.0,0.0,0.0,0.0,0.0
1.01,0.0,0.0,0.0,0.0,0.0,0.0,0.0,0.0,0.0,0.0,0.0,0.0
1.0125,0.0,0.0,0.0,0.0,0.0,0.0,0.0,0.0,0.0,0.0,0.0,0.0
1.015,0.0,0.0,0.0,0.0,0.0,0.0,0.0,0.0,0.0,0.0,0.0,0.0
1.0175,0.0,0.0,0.0,0.0,0.0,0.0,0.0,0.0,0.0,0.0,0.0,0.0
1.02,0.0,0.0,0.0,0.0,0.0,0.0,0.0,0.0,0.0,0.0,0.0,0.0
1.0225,0.0,0.0,0.0,0.0,0.0,0.0,0.0,0.0,0.0,0.0,0.0,0.0
1.025,0.0,0.0,0.0,0.0,0.0,0.0,0.0,0.0,0.0,0.0,0.0,0.0
1.0275,0.0,0.0,0.0,0.0,0.0,0.0,0.0,0.0,0.0,0.0,0.0,0.0
1.03,0.0,0.0,0.0,0.0,0.0,0.0,0.0,0.0,0.0,0.0,0.0,0.0
1.0325,0.0,0.0,0.0,0.0,0.0,0.0,0.0,0.0,0.0,0.0,0.0,0.0
1.035,0.0,0.0,0.0,0.0,0.0,0.0,0.0,0.0,0.0,0.0,0.0,0.0
1.0375,0.0,0.0,0.0,0.0,0.0,0.0,0.0,0.0,0.0,0.0,0.0,0.0
1.04,0.0,0.0,0.0,0.0,0.0,0.0,0.0,0.0,0.0,0.0,0.0,0.0
1.0425,0.0,0.0,0.0,0.0,0.0,0.0,0.0,0.0,0.0,0.0,0.0,0.0
1.045,0.0,0.0,0.0,0.0,0.0,0.0,0.0,0.0,0.0,0.0,0.0,0.0
1.0475,0.0,0.0,0.0,0.0,0.0,0.0,0.0,0.0,0.0,0.0,0.0,0.0
1.05,0.0,0.0,0.0,0.0,0.0,0.0,0.0,0.0,0.0,0.0,0.0,0.0
1.0525,0.0,0.0,0.0,0.0,0.0,0.0,0.0,0.0,0.0,0.0,0.0,0.0
1.055,0.0,0.0,0.0,0.0,0.0,0.0,0.0,0.0,0.0,0.0,0.0,0.0
1.0575,0.0,0.0,0.0,0.0,0.0,0.0,0.0,0.0,0.0,0.0,0.0,0.0
1.06,0.0,0.0,0.0,0.0,0.0,0.0,0.0,0.0,0.0,0.0,0.0,0.0
1.0625,0.0,0.0,0.0,0.0,0.0,0.0,0.0,0.0,0.0,0.0,0.0,0.0
1.065,0.0,0.0,0.0,0.0,0.0,0.0,0.0,0.0,0.0,0.0,0.0,0.0
1.0675,0.0,0.0,0.0,0.0,0.0,0.0,0.0,0.0,0.0,0.0,0.0,0.0
1.07,0.0,0.0,0.0,0.0,0.0,0.0,0.0,0.0,0.0,0.0,0.0,0.0
1.0725,0.0,0.0,0.0,0.0,0.0,0.0,0.0,0.0,0.0,0.0,0.0,0.0
1.075,0.0,0.0,0.0,0.0,0.0,0.0,0.0,0.0,0.0,0.0,0.0,0.0
1.0775,0.0,0.0,0.0,0.0,0.0,0.0,0.0,0.0,0.0,0.0,0.0,0.0
1.08,0.0,0.0,0.0,0.0,0.0,0.0,0.0,0.0,0.0,0.0,0.0,0.0
1.0825,0.0,0.0,0.0,0.0,0.0,0.0,0.0,0.0,0.0,0.0,0.0,0.0
1.085,0.0,0.0,0.0,0.0,0.0,0.0,0.0,0.0,0.0,0.0,0.0,0.0
1.0875,0.0,0.0,0.0,0.0,0.0,0.0,0.0,0.0,0.0,0.0,0.0,0.0
1.09,0.0,0.0,0.0,0.0,0.0,0.0,0.0,0.0,0.0,0.0,0.0,0.0
1.0925,0.0,0.0,0.0,0.0,0.0,0.0,0.0,0.0,0.0,0.0,0.0,0.0
1.095,0.0,0.0,0.0,0.0,0.0,0.0,0.0,0.0,0.0,0.0,0.0,0.0
1.0975,0.0,0.0,0.0,0.0,0.0,0.0,0.0,0.0,0.0,0.0,0.0,0.0
1.1,0.0,0.0,0.0,0.0,0.0,0.0,0.0,0.0,0.0,0.0,0.0,0.0
1.1025,0.0,0.0,0.0,0.0,0.0,0.0,0.0,0.0,0.0,0.0,0.0,0.0
1.105,0.0,0.0,0.0,0.0,0.0,0.0,0.0,0.0,0.0,0.0,0.0,0.0
1.1075,0.0,0.0,0.0,0.0,0.0,0.0,0.0,0.0,0.0,0.0,0.0,0.0
1.11,0.0,0.0,0.0,0.0,0.0,0.0,0.0,0.0,0.0,0.0,0.0,0.0
1.1125,0.0,0.0,0.0,0.0,0.0,0.0,0.0,0.0,0.0,0.0,0.0,0.0
1.115,0.0,0.0,0.0,0.0,0.0,0.0,0.0,0.0,0.0,0.0,0.0,0.0
1.1175,0.0,0.0,0.0,0.0,0.0,0.0,0.0,0.0,0.0,0.0,0.0,0.0
1.12,0.0,0.0,0.0,0.0,0.0,0.0,0.0,0.0,0.0,0.0,0.0,0.0
1.1225,0.0,0.0,0.0,0.0,0.0,0.0,0.0,0.0,0.0,0.0,0.0,0.0
1.125,0.0,0.0,0.0,0.0,0.0,0.0,0.0,0.0,0.0,0.0,0.0,0.0
1.1275,0.0,0.0,0.0,0.0,0.0,0.0,0.0,0.0,0.0,0.0,0.0,0.0
1.13,0.0,0.0,0.0,0.0,0.0,0.0,0.0,0.0,0.0,0.0,0.0,0.0
1.1325,0.0,0.0,0.0,0.0,0.0,0.0,0.0,0.0,0.0,0.0,0.0,0.0
1.135,0.0,0.0,0.0,0.0,0.0,0.0,0.0,0.0,0.0,0.0,0.0,0.0
1.1375,0.0,0.0,0.0,0.0,0.0,0.0,0.0,0.0,0.0,0.0,0.0,0.0
1.14,0.0,0.0,0.0,0.0,0.0,0.0,0.0,0.0,0.0,0.0,0.0,0.0
1.1425,0.0,0.0,0.0,0.0,0.0,0.0,0.0,0.0,0.0,0.0,0.0,0.0
1.145,0.0,0.0,0.0,0.0,0.0,0.0,0.0,0.0,0.0,0.0,0.0,0.0
1.1475,0.0,0.0,0.0,0.0,0.0,0.0,0.0,0.0,0.0,0.0,0.0,0.0
1.15,0.0,0.0,0.0,0.0,0.0,0.0,0.0,0.0,0.0,0.0,0.0,0.0
1.1525,0.0,0.0,0.0,0.0,0.0,0.0,0.0,0.0,0.0,0.0,0.0,0.0
1.155,0.0,0.0,0.0,0.0,0.0,0.0,0.0,0.0,0.0,0.0,0.0,0.0
1.1575,0.0,0.0,0.0,0.0,0.0,0.0,0.0,0.0,0.0,0.0,0.0,0.0
1.16,0.0,0.0,0.0,0.0,0.0,0.0,0.0,0.0,0.0,0.0,0.0,0.0
1.1625,0.0,0.0,0.0,0.0,0.0,0.0,0.0,0.0,0.0,0.0,0.0,0.0
1.165,0.0,0.0,0.0,0.0,0.0,0.0,0.0,0.0,0.0,0.0,0.0,0.0
1.1675,0.0,0.0,0.0,0.0,0.0,0.0,0.0,0.0,0.0,0.0,0.0,0.0
1.17,0.0,0.0,0.0,0.0,0.0,0.0,0.0,0.0,0.0,0.0,0.0,0.0
1.1725,0.0,0.0,0.0,0.0,0.0,0.0,0.0,0.0,0.0,0.0,0.0,0.0
1.175,0.0,0.0,0.0,0.0,0.0,0.0,0.0,0.0,0.0,0.0,0.0,0.0
1.1775,0.0,0.0,0.0,0.0,0.0,0.0,0.0,0.0,0.0,0.0,0.0,0.0
1.18,0.0,0.0,0.0,0.0,0.0,0.0,0.0,0.0,0.0,0.0,0.0,0.0
1.1825,0.0,0.0,0.0,0.0,0.0,0.0,0.0,0.0,0.0,0.0,0.0,0.0
1.185,0.0,0.0,0.0,0.0,0.0,0.0,0.0,0.0,0.0,0.0,0.0,0.0
1.1875,0.0,0.0,0.0,0.0,0.0,0.0,0.0,0.0,0.0,0.0,0.0,0.0
1.19,0.0,0.0,0.0,0.0,0.0,0.0,0.0,0.0,0.0,0.0,0.0,0.0
1.1925,0.0,0.0,0.0,0.0,0.0,0.0,0.0,0.0,0.0,0.0,0.0,0.0
1.195,0.0,0.0,0.0,0.0,0.0,0.0,0.0,0.0,0.0,0.0,0.0,0.0
1.1975,0.0,0.0,0.0,0.0,0.0,0.0,0.0,0.0,0.0,0.0,0.0,0.0
1.2,0.0,0.0,0.0,0.0,0.0,0.0,0.0,0.0,0.0,0.0,0.0,0.0
1.2025,0.0,0.0,0.0,0.0,0.0,0.0,0.0,0.0,0.0,0.0,0.0,0.0
1.205,0.0,0.0,0.0,0.0,0.0,0.0,0.0,0.0,0.0,0.0,0.0,0.0
1.2075,0.0,0.0,0.0,0.0,0.0,0.0,0.0,0.0,0.0,0.0,0.0,0.0
1.21,0.0,0.0,0.0,0.0,0.0,0.0,0.0,0.0,0.0,0.0,0.0,0.0
1.2125,0.0,0.0,0.0,0.0,0.0,0.0,0.0,0.0,0.0,0.0,0.0,0.0
1.215,0.0,0.0,0.0,0.0,0.0,0.0,0.0,0.0,0.0,0.0,0.0,0.0
1.2175,0.0,0.0,0.0,0.0,0.0,0.0,0.0,0.0,0.0,0.0,0.0,0.0
1.22,0.0,0.0,0.0,0.0,0.0,0.0,0.0,0.0,0.0,0.0,0.0,0.0
1.2225,0.0,0.0,0.0,0.0,0.0,0.0,0.0,0.0,0.0,0.0,0.0,0.0
1.225,0.0,0.0,0.0,0.0,0.0,0.0,0.0,0.0,0.0,0.0,0.0,0.0
1.2275,0.0,0.0,0.0,0.0,0.0,0.0,0.0,0.0,0.0,0.0,0.0,0.0
1.23,0.0,0.0,0.0,0.0,0.0,0.0,0.0,0.0,0.0,0.0,0.0,0.0
1.2325,0.0,0.0,0.0,0.0,0.0,0.0,0.0,0.0,0.0,0.0,0.0,0.0
1.235,0.0,0.0,0.0,0.0,0.0,0.0,0.0,0.0,0.0,0.0,0.0,0.0
1.2375,0.0,0.0,0.0,0.0,0.0,0.0,0.0,0.0,0.0,0.0,0.0,0.0
1.24,0.0,0.0,0.0,0.0,0.0,0.0,0.0,0.0,0.0,0.0,0.0,0.0
1.2425,0.0,0.0,0.0,0.0,0.0,0.0,0.0,0.0,0.0,0.0,0.0,0.0
1.245,0.0,0.0,0.0,0.0,0.0,0.0,0.0,0.0,0.0,0.0,0.0,0.0
1.2475,0.0,0.0,0.0,0.0,0.0,0.0,0.0,0.0,0.0,0.0,0.0,0.0
1.25,0.0,0.0,0.0,0.0,0.0,0.0,0.0,0.0,0.0,0.0,0.0,0.0
1.2525,0.0,0.0,0.0,0.0,0.0,0.0,0.0,0.0,0.0,0.0,0.0,0.0
1.255,0.0,0.0,0.0,0.0,0.0,0.0,0.0,0.0,0.0,0.0,0.0,0.0
1.2575,0.0,0.0,0.0,0.0,0.0,0.0,0.0,0.0,0.0,0.0,0.0,0.0
1.26,0.0,0.0,0.0,0.0,0.0,0.0,0.0,0.0,0.0,0.0,0.0,0.0
1.2625,0.0,0.0,0.0,0.0,0.0,0.0,0.0,0.0,0.0,0.0,0.0,0.0
1.265,0.0,0.0,0.0,0.0,0.0,0.0,0.0,0.0,0.0,0.0,0.0,0.0
1.2675,0.0,0.0,0.0,0.0,0.0,0.0,0.0,0.0,0.0,0.0,0.0,0.0
1.27,0.0,0.0,0.0,0.0,0.0,0.0,0.0,0.0,0.0,0.0,0.0,0.0
1.2725,0.0,0.0,0.0,0.0,0.0,0.0,0.0,0.0,0.0,0.0,0.0,0.0
1.275,0.0,0.0,0.0,0.0,0.0,0.0,0.0,0.0,0.0,0.0,0.0,0.0
1.2775,0.0,0.0,0.0,0.0,0.0,0.0,0.0,0.0,0.0,0.0,0.0,0.0
1.28,0.0,0.0,0.0,0.0,0.0,0.0,0.0,0.0,0.0,0.0,0.0,0.0
1.2825,0.0,0.0,0.0,0.0,0.0,0.0,0.0,0.0,0.0,0.0,0.0,0.0
1.285,0.0,0.0,0.0,0.0,0.0,0.0,0.0,0.0,0.0,0.0,0.0,0.0
1.2875,0.0,0.0,0.0,0.0,0.0,0.0,0.0,0.0,0.0,0.0,0.0,0.0
1.29,0.0,0.0,0.0,0.0,0.0,0.0,0.0,0.0,0.0,0.0,0.0,0.0
1.2925,0.0,0.0,0.0,0.0,0.0,0.0,0.0,0.0,0.0,0.0,0.0,0.0
1.295,0.0,0.0,0.0,0.0,0.0,0.0,0.0,0.0,0.0,0.0,0.0,0.0
1.2975,0.0,0.0,0.0,0.0,0.0,0.0,0.0,0.0,0.0,0.0,0.0,0.0
1.3,0.0,0.0,0.0,0.0,0.0,0.0,0.0,0.0,0.0,0.0,0.0,0.0
1.3025,0.0,0.0,0.0,0.0,0.0,0.0,0.0,0.0,0.0,0.0,0.0,0.0
1.305,0.0,0.0,0.0,0.0,0.0,0.0,0.0,0.0,0.0,0.0,0.0,0.0
1.3075,0.0,0.0,0.0,0.0,0.0,0.0,0.0,0.0,0.0,0.0,0.0,0.0
1.31,0.0,0.0,0.0,0.0,0.0,0.0,0.0,0.0,0.0,0.0,0.0,0.0
1.3125,0.0,0.0,0.0,0.0,0.0,0.0,0.0,0.0,0.0,0.0,0.0,0.0
1.315,0.0,0.0,0.0,0.0,0.0,0.0,0.0,0.0,0.0,0.0,0.0,0.0
1.3175,0.0,0.0,0.0,0.0,0.0,0.0,0.0,0.0,0.0,0.0,0.0,0.0
1.32,0.0,0.0,0.0,0.0,0.0,0.0,0.0,0.0,0.0,0.0,0.0,0.0
1.3225,0.0,0.0,0.0,0.0,0.0,0.0,0.0,0.0,0.0,0.0,0.0,0.0
1.325,0.0,0.0,0.0,0.0,0.0,0.0,0.0,0.0,0.0,0.0,0.0,0.0
1.3275,0.0,0.0,0.0,0.0,0.0,0.0,0.0,0.0,0.0,0.0,0.0,0.0
1.33,0.0,0.0,0.0,0.0,0.0,0.0,0.0,0.0,0.0,0.0,0.0,0.0
1.3325,0.0,0.0,0.0,0.0,0.0,0.0,0.0,0.0,0.0,0.0,0.0,0.0
1.335,0.0,0.0,0.0,0.0,0.0,0.0,0.0,0.0,0.0,0.0,0.0,0.0
1.3375,0.0,0.0,0.0,0.0,0.0,0.0,0.0,0.0,0.0,0.0,0.0,0.0
1.34,0.0,0.0,0.0,0.0,0.0,0.0,0.0,0.0,0.0,0.0,0.0,0.0
1.3425,0.0,0.0,0.0,0.0,0.0,0.0,0.0,0.0,0.0,0.0,0.0,0.0
1.345,0.0,0.0,0.0,0.0,0.0,0.0,0.0,0.0,0.0,0.0,0.0,0.0
1.3475,0.0,0.0,0.0,0.0,0.0,0.0,0.0,0.0,0.0,0.0,0.0,0.0
1.35,0.0,0.0,0.0,0.0,0.0,0.0,0.0,0.0,0.0,0.0,0.0,0.0
1.3525,0.0,0.0,0.0,0.0,0.0,0.0,0.0,0.0,0.0,0.0,0.0,0.0
1.355,0.0,0.0,0.0,0.0,0.0,0.0,0.0,0.0,0.0,0.0,0.0,0.0
1.3575,0.0,0.0,0.0,0.0,0.0,0.0,0.0,0.0,0.0,0.0,0.0,0.0
1.36,0.0,0.0,0.0,0.0,0.0,0.0,0.0,0.0,0.0,0.0,0.0,0.0
1.3625,0.0,0.0,0.0,0.0,0.0,0.0,0.0,0.0,0.0,0.0,0.0,0.0
1.365,0.0,0.0,0.0,0.0,0.0,0.0,0.0,0.0,0.0,0.0,0.0,0.0
1.3675,0.0,0.0,0.0,0.0,0.0,0.0,0.0,0.0,0.0,0.0,0.0,0.0
1.37,0.0,0.0,0.0,0.0,0.0,0.0,0.0,0.0,0.0,0.0,0.0,0.0
1.3725,0.0,0.0,0.0,0.0,0.0,0.0,0.0,0.0,0.0,0.0,0.0,0.0
1.375,0.0,0.0,0.0,0.0,0.0,0.0,0.0,0.0,0.0,0.0,0.0,0.0
1.3775,0.0,0.0,0.0,0.0,0.0,0.0,0.0,0.0,0.0,0.0,0.0,0.0
1.38,0.0,0.0,0.0,0.0,0.0,0.0,0.0,0.0,0.0,0.0,0.0,0.0
1.3825,0.0,0.0,0.0,0.0,0.0,0.0,0.0,0.0,0.0,0.0,0.0,0.0
1.385,0.0,0.0,0.0,0.0,0.0,0.0,0.0,0.0,0.0,0.0,0.0,0.0
1.3875,0.0,0.0,0.0,0.0,0.0,0.0,0.0,0.0,0.0,0.0,0.0,0.0
1.39,0.0,0.0,0.0,0.0,0.0,0.0,0.0,0.0,0.0,0.0,0.0,0.0
1.3925,0.0,0.0,0.0,0.0,0.0,0.0,0.0,0.0,0.0,0.0,0.0,0.0
1.395,0.0,0.0,0.0,0.0,0.0,0.0,0.0,0.0,0.0,0.0,0.0,0.0
1.3975,0.0,0.0,0.0,0.0,0.0,0.0,0.0,0.0,0.0,0.0,0.0,0.0
1.4,0.0,0.0,0.0,0.0,0.0,0.0,0.0,0.0,0.0,0.0,0.0,0.0
1.4025,0.0,0.0,0.0,0.0,0.0,0.0,0.0,0.0,0.0,0.0,0.0,0.0
1.405,0.0,0.0,0.0,0.0,0.0,0.0,0.0,0.0,0.0,0.0,0.0,0.0
1.4075,0.0,0.0,0.0,0.0,0.0,0.0,0.0,0.0,0.0,0.0,0.0,0.0
1.41,0.0,0.0,0.0,0.0,0.0,0.0,0.0,0.0,0.0,0.0,0.0,0.0
1.4125,0.0,0.0,0.0,0.0,0.0,0.0,0.0,0.0,0.0,0.0,0.0,0.0
1.415,0.0,0.0,0.0,0.0,0.0,0.0,0.0,0.0,0.0,0.0,0.0,0.0
1.4175,0.0,0.0,0.0,0.0,0.0,0.0,0.0,0.0,0.0,0.0,0.0,0.0
1.42,0.0,0.0,0.0,0.0,0.0,0.0,0.0,0.0,0.0,0.0,0.0,0.0
1.4225,0.0,0.0,0.0,0.0,0.0,0.0,0.0,0.0,0.0,0.0,0.0,0.0
1.425,0.0,0.0,0.0,0.0,0.0,0.0,0.0,0.0,0.0,0.0,0.0,0.0
1.4275,0.0,0.0,0.0,0.0,0.0,0.0,0.0,0.0,0.0,0.0,0.0,0.0
1.43,0.0,0.0,0.0,0.0,0.0,0.0,0.0,0.0,0.0,0.0,0.0,0.0
1.4325,0.0,0.0,0.0,0.0,0.0,0.0,0.0,0.0,0.0,0.0,0.0,0.0
1.435,0.0,0.0,0.0,0.0,0.0,0.0,0.0,0.0,0.0,0.0,0.0,0.0
1.4375,0.0,0.0,0.0,0.0,0.0,0.0,0.0,0.0,0.0,0.0,0.0,0.0
1.44,0.0,0.0,0.0,0.0,0.0,0.0,0.0,0.0,0.0,0.0,0.0,0.0
1.4425,0.0,0.0,0.0,0.0,0.0,0.0,0.0,0.0,0.0,0.0,0.0,0.0
1.445,0.0,0.0,0.0,0.0,0.0,0.0,0.0,0.0,0.0,0.0,0.0,0.0
1.4475,0.0,0.0,0.0,0.0,0.0,0.0,0.0,0.0,0.0,0.0,0.0,0.0
1.45,0.0,0.0,0.0,0.0,0.0,0.0,0.0,0.0,0.0,0.0,0.0,0.0
1.4525,0.0,0.0,0.0,0.0,0.0,0.0,0.0,0.0,0.0,0.0,0.0,0.0
1.455,0.0,0.0,0.0,0.0,0.0,0.0,0.0,0.0,0.0,0.0,0.0,0.0
1.4575,0.0,0.0,0.0,0.0,0.0,0.0,0.0,0.0,0.0,0.0,0.0,0.0
1.46,0.0,0.0,0.0,0.0,0.0,0.0,0.0,0.0,0.0,0.0,0.0,0.0
1.4625,0.0,0.0,0.0,0.0,0.0,0.0,0.0,0.0,0.0,0.0,0.0,0.0
1.465,0.0,0.0,0.0,0.0,0.0,0.0,0.0,0.0,0.0,0.0,0.0,0.0
1.4675,0.0,0.0,0.0,0.0,0.0,0.0,0.0,0.0,0.0,0.0,0.0,0.0
1.47,0.0,0.0,0.0,0.0,0.0,0.0,0.0,0.0,0.0,0.0,0.0,0.0
1.4725,0.0,0.0,0.0,0.0,0.0,0.0,0.0,0.0,0.0,0.0,0.0,0.0
1.475,0.0,0.0,0.0,0.0,0.0,0.0,0.0,0.0,0.0,0.0,0.0,0.0
1.4775,0.0,0.0,0.0,0.0,0.0,0.0,0.0,0.0,0.0,0.0,0.0,0.0
1.48,0.0,0.0,0.0,0.0,0.0,0.0,0.0,0.0,0.0,0.0,0.0,0.0
1.4825,0.0,0.0,0.0,0.0,0.0,0.0,0.0,0.0,0.0,0.0,0.0,0.0
1.485,0.0,0.0,0.0,0.0,0.0,0.0,0.0,0.0,0.0,0.0,0.0,0.0
1.4875,0.0,0.0,0.0,0.0,0.0,0.0,0.0,0.0,0.0,0.0,0.0,0.0
1.49,0.0,0.0,0.0,0.0,0.0,0.0,0.0,0.0,0.0,0.0,0.0,0.0
1.4925,0.0,0.0,0.0,0.0,0.0,0.0,0.0,0.0,0.0,0.0,0.0,0.0
1.495,0.0,0.0,0.0,0.0,0.0,0.0,0.0,0.0,0.0,0.0,0.0,0.0
1.4975,0.0,0.0,0.0,0.0,0.0,0.0,0.0,0.0,0.0,0.0,0.0,0.0
1.5,0.0,0.0,0.0,0.0,0.0,0.0,0.0,0.0,0.0,0.0,0.0,0.0
1.5025,0.0,0.0,0.0,0.0,0.0,0.0,0.0,0.0,0.0,0.0,0.0,0.0
1.505,0.0,0.0,0.0,0.0,0.0,0.0,0.0,0.0,0.0,0.0,0.0,0.0
1.5075,0.0,0.0,0.0,0.0,0.0,0.0,0.0,0.0,0.0,0.0,0.0,0.0
1.51,0.0,0.0,0.0,0.0,0.0,0.0,0.0,0.0,0.0,0.0,0.0,0.0
1.5125,0.0,0.0,0.0,0.0,0.0,0.0,0.0,0.0,0.0,0.0,0.0,0.0
1.515,0.0,0.0,0.0,0.0,0.0,0.0,0.0,0.0,0.0,0.0,0.0,0.0
1.5175,0.0,0.0,0.0,0.0,0.0,0.0,0.0,0.0,0.0,0.0,0.0,0.0
1.52,0.0,0.0,0.0,0.0,0.0,0.0,0.0,0.0,0.0,0.0,0.0,0.0
1.5225,0.0,0.0,0.0,0.0,0.0,0.0,0.0,0.0,0.0,0.0,0.0,0.0
1.525,0.0,0.0,0.0,0.0,0.0,0.0,0.0,0.0,0.0,0.0,0.0,0.0
1.5275,0.0,0.0,0.0,0.0,0.0,0.0,0.0,0.0,0.0,0.0,0.0,0.0
1.53,0.0,0.0,0.0,0.0,0.0,0.0,0.0,0.0,0.0,0.0,0.0,0.0
1.5325,0.0,0.0,0.0,0.0,0.0,0.0,0.0,0.0,0.0,0.0,0.0,0.0
1.535,0.0,0.0,0.0,0.0,0.0,0.0,0.0,0.0,0.0,0.0,0.0,0.0
1.5375,0.0,0.0,0.0,0.0,0.0,0.0,0.0,0.0,0.0,0.0,0.0,0.0
1.54,0.0,0.0,0.0,0.0,0.0,0.0,0.0,0.0,0.0,0.0,0.0,0.0
1.5425,0.0,0.0,0.0,0.0,0.0,0.0,0.0,0.0,0.0,0.0,0.0,0.0
1.545,0.0,0.0,0.0,0.0,0.0,0.0,0.0,0.0,0.0,0.0,0.0,0.0
1.5475,0.0,0.0,0.0,0.0,0.0,0.0,0.0,0.0,0.0,0.0,0.0,0.0
1.55,0.0,0.0,0.0,0.0,0.0,0.0,0.0,0.0,0.0,0.0,0.0,0.0
1.5525,0.0,0.0,0.0,0.0,0.0,0.0,0.0,0.0,0.0,0.0,0.0,0.0
1.555,0.0,0.0,0.0,0.0,0.0,0.0,0.0,0.0,0.0,0.0,0.0,0.0
1.5575,0.0,0.0,0.0,0.0,0.0,0.0,0.0,0.0,0.0,0.0,0.0,0.0
1.56,0.0,0.0,0.0,0.0,0.0,0.0,0.0,0.0,0.0,0.0,0.0,0.0
1.5625,0.0,0.0,0.0,0.0,0.0,0.0,0.0,0.0,0.0,0.0,0.0,0.0
1.565,0.0,0.0,0.0,0.0,0.0,0.0,0.0,0.0,0.0,0.0,0.0,0.0
1.5675,0.0,0.0,0.0,0.0,0.0,0.0,0.0,0.0,0.0,0.0,0.0,0.0
1.57,0.0,0.0,0.0,0.0,0.0,0.0,0.0,0.0,0.0,0.0,0.0,0.0
1.5725,0.0,0.0,0.0,0.0,0.0,0.0,0.0,0.0,0.0,0.0,0.0,0.0
1.575,0.0,0.0,0.0,0.0,0.0,0.0,0.0,0.0,0.0,0.0,0.0,0.0
1.5775,0.0,0.0,0.0,0.0,0.0,0.0,0.0,0.0,0.0,0.0,0.0,0.0
1.58,0.0,0.0,0.0,0.0,0.0,0.0,0.0,0.0,0.0,0.0,0.0,0.0
1.5825,0.0,0.0,0.0,0.0,0.0,0.0,0.0,0.0,0.0,0.0,0.0,0.0
1.585,0.0,0.0,0.0,0.0,0.0,0.0,0.0,0.0,0.0,0.0,0.0,0.0
1.5875,0.0,0.0,0.0,0.0,0.0,0.0,0.0,0.0,0.0,0.0,0.0,0.0
1.59,0.0,0.0,0.0,0.0,0.0,0.0,0.0,0.0,0.0,0.0,0.0,0.0
1.5925,0.0,0.0,0.0,0.0,0.0,0.0,0.0,0.0,0.0,0.0,0.0,0.0
1.595,0.0,0.0,0.0,0.0,0.0,0.0,0.0,0.0,0.0,0.0,0.0,0.0
1.5975,0.0,0.0,0.0,0.0,0.0,0.0,0.0,0.0,0.0,0.0,0.0,0.0
1.6,0.0,0.0,0.0,0.0,0.0,0.0,0.0,0.0,0.0,0.0,0.0,0.0
1.6025,0.0,0.0,0.0,0.0,0.0,0.0,0.0,0.0,0.0,0.0,0.0,0.0
1.605,0.0,0.0,0.0,0.0,0.0,0.0,0.0,0.0,0.0,0.0,0.0,0.0
1.6075,0.0,0.0,0.0,0.0,0.0,0.0,0.0,0.0,0.0,0.0,0.0,0.0
1.61,0.0,0.0,0.0,0.0,0.0,0.0,0.0,0.0,0.0,0.0,0.0,0.0
1.6125,0.0,0.0,0.0,0.0,0.0,0.0,0.0,0.0,0.0,0.0,0.0,0.0
1.615,0.0,0.0,0.0,0.0,0.0,0.0,0.0,0.0,0.0,0.0,0.0,0.0
1.6175,0.0,0.0,0.0,0.0,0.0,0.0,0.0,0.0,0.0,0.0,0.0,0.0
1.62,0.0,0.0,0.0,0.0,0.0,0.0,0.0,0.0,0.0,0.0,0.0,0.0
1.6225,0.0,0.0,0.0,0.0,0.0,0.0,0.0,0.0,0.0,0.0,0.0,0.0
1.625,0.0,0.0,0.0,0.0,0.0,0.0,0.0,0.0,0.0,0.0,0.0,0.0
1.6275,0.0,0.0,0.0,0.0,0.0,0.0,0.0,0.0,0.0,0.0,0.0,0.0
1.63,0.0,0.0,0.0,0.0,0.0,0.0,0.0,0.0,0.0,0.0,0.0,0.0
1.6325,0.0,0.0,0.0,0.0,0.0,0.0,0.0,0.0,0.0,0.0,0.0,0.0
1.635,0.0,0.0,0.0,0.0,0.0,0.0,0.0,0.0,0.0,0.0,0.0,0.0
1.6375,0.0,0.0,0.0,0.0,0.0,0.0,0.0,0.0,0.0,0.0,0.0,0.0
1.64,0.0,0.0,0.0,0.0,0.0,0.0,0.0,0.0,0.0,0.0,0.0,0.0
1.6425,0.0,0.0,0.0,0.0,0.0,0.0,0.0,0.0,0.0,0.0,0.0,0.0
1.645,0.0,0.0,0.0,0.0,0.0,0.0,0.0,0.0,0.0,0.0,0.0,0.0
1.6475,0.0,0.0,0.0,0.0,0.0,0.0,0.0,0.0,0.0,0.0,0.0,0.0
1.65,0.0,0.0,0.0,0.0,0.0,0.0,0.0,0.0,0.0,0.0,0.0,0.0
1.6525,0.0,0.0,0.0,0.0,0.0,0.0,0.0,0.0,0.0,0.0,0.0,0.0
1.655,0.0,0.0,0.0,0.0,0.0,0.0,0.0,0.0,0.0,0.0,0.0,0.0
1.6575,0.0,0.0,0.0,0.0,0.0,0.0,0.0,0.0,0.0,0.0,0.0,0.0
1.66,0.0,0.0,0.0,0.0,0.0,0.0,0.0,0.0,0.0,0.0,0.0,0.0
1.6625,0.0,0.0,0.0,0.0,0.0,0.0,0.0,0.0,0.0,0.0,0.0,0.0
1.665,0.0,0.0,0.0,0.0,0.0,0.0,0.0,0.0,0.0,0.0,0.0,0.0
1.6675,0.0,0.0,0.0,0.0,0.0,0.0,0.0,0.0,0.0,0.0,0.0,0.0
1.67,0.0,0.0,0.0,0.0,0.0,0.0,0.0,0.0,0.0,0.0,0.0,0.0
1.6725,0.0,0.0,0.0,0.0,0.0,0.0,0.0,0.0,0.0,0.0,0.0,0.0
1.675,0.0,0.0,0.0,0.0,0.0,0.0,0.0,0.0,0.0,0.0,0.0,0.0
1.6775,0.0,0.0,0.0,0.0,0.0,0.0,0.0,0.0,0.0,0.0,0.0,0.0
1.68,0.0,0.0,0.0,0.0,0.0,0.0,0.0,0.0,0.0,0.0,0.0,0.0
1.6825,0.0,0.0,0.0,0.0,0.0,0.0,0.0,0.0,0.0,0.0,0.0,0.0
1.685,0.0,0.0,0.0,0.0,0.0,0.0,0.0,0.0,0.0,0.0,0.0,0.0
1.6875,0.0,0.0,0.0,0.0,0.0,0.0,0.0,0.0,0.0,0.0,0.0,0.0
1.69,0.0,0.0,0.0,0.0,0.0,0.0,0.0,0.0,0.0,0.0,0.0,0.0
1.6925,0.0,0.0,0.0,0.0,0.0,0.0,0.0,0.0,0.0,0.0,0.0,0.0
1.695,0.0,0.0,0.0,0.0,0.0,0.0,0.0,0.0,0.0,0.0,0.0,0.0
1.6975,0.0,0.0,0.0,0.0,0.0,0.0,0.0,0.0,0.0,0.0,0.0,0.0
1.7,0.0,0.0,0.0,0.0,0.0,0.0,0.0,0.0,0.0,0.0,0.0,0.0
1.7025,0.0,0.0,0.0,0.0,0.0,0.0,0.0,0.0,0.0,0.0,0.0,0.0
1.705,0.0,0.0,0.0,0.0,0.0,0.0,0.0,0.0,0.0,0.0,0.0,0.0
1.7075,0.0,0.0,0.0,0.0,0.0,0.0,0.0,0.0,0.0,0.0,0.0,0.0
1.71,0.0,0.0,0.0,0.0,0.0,0.0,0.0,0.0,0.0,0.0,0.0,0.0
1.7125,0.0,0.0,0.0,0.0,0.0,0.0,0.0,0.0,0.0,0.0,0.0,0.0
1.715,0.0,0.0,0.0,0.0,0.0,0.0,0.0,0.0,0.0,0.0,0.0,0.0
1.7175,0.0,0.0,0.0,0.0,0.0,0.0,0.0,0.0,0.0,0.0,0.0,0.0
1.72,0.0,0.0,0.0,0.0,0.0,0.0,0.0,0.0,0.0,0.0,0.0,0.0
1.7225,0.0,0.0,0.0,0.0,0.0,0.0,0.0,0.0,0.0,0.0,0.0,0.0
1.725,0.0,0.0,0.0,0.0,0.0,0.0,0.0,0.0,0.0,0.0,0.0,0.0
1.7275,0.0,0.0,0.0,0.0,0.0,0.0,0.0,0.0,0.0,0.0,0.0,0.0
1.73,0.0,0.0,0.0,0.0,0.0,0.0,0.0,0.0,0.0,0.0,0.0,0.0
1.7325,0.0,0.0,0.0,0.0,0.0,0.0,0.0,0.0,0.0,0.0,0.0,0.0
1.735,0.0,0.0,0.0,0.0,0.0,0.0,0.0,0.0,0.0,0.0,0.0,0.0
1.7375,0.0,0.0,0.0,0.0,0.0,0.0,0.0,0.0,0.0,0.0,0.0,0.0
1.74,0.0,0.0,0.0,0.0,0.0,0.0,0.0,0.0,0.0,0.0,0.0,0.0
1.7425,0.0,0.0,0.0,0.0,0.0,0.0,0.0,0.0,0.0,0.0,0.0,0.0
1.745,0.0,0.0,0.0,0.0,0.0,0.0,0.0,0.0,0.0,0.0,0.0,0.0
1.7475,0.0,0.0,0.0,0.0,0.0,0.0,0.0,0.0,0.0,0.0,0.0,0.0
1.75,0.0,0.0,0.0,0.0,0.0,0.0,0.0,0.0,0.0,0.0,0.0,0.0
1.7525,0.0,0.0,0.0,0.0,0.0,0.0,0.0,0.0,0.0,0.0,0.0,0.0
1.755,0.0,0.0,0.0,0.0,0.0,0.0,0.0,0.0,0.0,0.0,0.0,0.0
1.7575,0.0,0.0,0.0,0.0,0.0,0.0,0.0,0.0,0.0,0.0,0.0,0.0
1.76,0.0,0.0,0.0,0.0,0.0,0.0,0.0,0.0,0.0,0.0,0.0,0.0
1.7625,0.0,0.0,0.0,0.0,0.0,0.0,0.0,0.0,0.0,0.0,0.0,0.0
1.765,0.0,0.0,0.0,0.0,0.0,0.0,0.0,0.0,0.0,0.0,0.0,0.0
1.7675,0.0,0.0,0.0,0.0,0.0,0.0,0.0,0.0,0.0,0.0,0.0,0.0
1.77,0.0,0.0,0.0,0.0,0.0,0.0,0.0,0.0,0.0,0.0,0.0,0.0
1.7725,0.0,0.0,0.0,0.0,0.0,0.0,0.0,0.0,0.0,0.0,0.0,0.0
1.775,0.0,0.0,0.0,0.0,0.0,0.0,0.0,0.0,0.0,0.0,0.0,0.0
1.7775,0.0,0.0,0.0,0.0,0.0,0.0,0.0,0.0,0.0,0.0,0.0,0.0
1.78,0.0,0.0,0.0,0.0,0.0,0.0,0.0,0.0,0.0,0.0,0.0,0.0
1.7825,0.0,0.0,0.0,0.0,0.0,0.0,0.0,0.0,0.0,0.0,0.0,0.0
1.785,0.0,0.0,0.0,0.0,0.0,0.0,0.0,0.0,0.0,0.0,0.0,0.0
1.7875,0.0,0.0,0.0,0.0,0.0,0.0,0.0,0.0,0.0,0.0,0.0,0.0
1.79,0.0,0.0,0.0,0.0,0.0,0.0,0.0,0.0,0.0,0.0,0.0,0.0
1.7925,0.0,0.0,0.0,0.0,0.0,0.0,0.0,0.0,0.0,0.0,0.0,0.0
1.795,0.0,0.0,0.0,0.0,0.0,0.0,0.0,0.0,0.0,0.0,0.0,0.0
1.7975,0.0,0.0,0.0,0.0,0.0,0.0,0.0,0.0,0.0,0.0,0.0,0.0
1.8,0.0,0.0,0.0,0.0,0.0,0.0,0.0,0.0,0.0,0.0,0.0,0.0
1.8025,0.0,0.0,0.0,0.0,0.0,0.0,0.0,0.0,0.0,0.0,0.0,0.0
1.805,0.0,0.0,0.0,0.0,0.0,0.0,0.0,0.0,0.0,0.0,0.0,0.0
1.8075,0.0,0.0,0.0,0.0,0.0,0.0,0.0,0.0,0.0,0.0,0.0,0.0
1.81,0.0,0.0,0.0,0.0,0.0,0.0,0.0,0.0,0.0,0.0,0.0,0.0
1.8125,0.0,0.0,0.0,0.0,0.0,0.0,0.0,0.0,0.0,0.0,0.0,0.0
1.815,0.0,0.0,0.0,0.0,0.0,0.0,0.0,0.0,0.0,0.0,0.0,0.0
1.8175,0.0,0.0,0.0,0.0,0.0,0.0,0.0,0.0,0.0,0.0,0.0,0.0
1.82,0.0,0.0,0.0,0.0,0.0,0.0,0.0,0.0,0.0,0.0,0.0,0.0
1.8225,0.0,0.0,0.0,0.0,0.0,0.0,0.0,0.0,0.0,0.0,0.0,0.0
1.825,0.0,0.0,0.0,0.0,0.0,0.0,0.0,0.0,0.0,0.0,0.0,0.0
1.8275,0.0,0.0,0.0,0.0,0.0,0.0,0.0,0.0,0.0,0.0,0.0,0.0
1.83,0.0,0.0,0.0,0.0,0.0,0.0,0.0,0.0,0.0,0.0,0.0,0.0
1.8325,0.0,0.0,0.0,0.0,0.0,0.0,0.0,0.0,0.0,0.0,0.0,0.0
1.835,0.0,0.0,0.0,0.0,0.0,0.0,0.0,0.0,0.0,0.0,0.0,0.0
1.8375,0.0,0.0,0.0,0.0,0.0,0.0,0.0,0.0,0.0,0.0,0.0,0.0
1.84,0.0,0.0,0.0,0.0,0.0,0.0,0.0,0.0,0.0,0.0,0.0,0.0
1.8425,0.0,0.0,0.0,0.0,0.0,0.0,0.0,0.0,0.0,0.0,0.0,0.0
1.845,0.0,0.0,0.0,0.0,0.0,0.0,0.0,0.0,0.0,0.0,0.0,0.0
1.8475,0.0,0.0,0.0,0.0,0.0,0.0,0.0,0.0,0.0,0.0,0.0,0.0
1.85,0.0,0.0,0.0,0.0,0.0,0.0,0.0,0.0,0.0,0.0,0.0,0.0
1.8525,0.0,0.0,0.0,0.0,0.0,0.0,0.0,0.0,0.0,0.0,0.0,0.0
1.855,0.0,0.0,0.0,0.0,0.0,0.0,0.0,0.0,0.0,0.0,0.0,0.0
1.8575,0.0,0.0,0.0,0.0,0.0,0.0,0.0,0.0,0.0,0.0,0.0,0.0
1.86,0.0,0.0,0.0,0.0,0.0,0.0,0.0,0.0,0.0,0.0,0.0,0.0
1.8625,0.0,0.0,0.0,0.0,0.0,0.0,0.0,0.0,0.0,0.0,0.0,0.0
1.865,0.0,0.0,0.0,0.0,0.0,0.0,0.0,0.0,0.0,0.0,0.0,0.0
1.8675,0.0,0.0,0.0,0.0,0.0,0.0,0.0,0.0,0.0,0.0,0.0,0.0
1.87,0.0,0.0,0.0,0.0,0.0,0.0,0.0,0.0,0.0,0.0,0.0,0.0
1.8725,0.0,0.0,0.0,0.0,0.0,0.0,0.0,0.0,0.0,0.0,0.0,0.0
1.875,0.0,0.0,0.0,0.0,0.0,0.0,0.0,0.0,0.0,0.0,0.0,0.0
1.8775,0.0,0.0,0.0,0.0,0.0,0.0,0.0,0.0,0.0,0.0,0.0,0.0
1.88,0.0,0.0,0.0,0.0,0.0,0.0,0.0,0.0,0.0,0.0,0.0,0.0
1.8825,0.0,0.0,0.0,0.0,0.0,0.0,0.0,0.0,0.0,0.0,0.0,0.0
1.885,0.0,0.0,0.0,0.0,0.0,0.0,0.0,0.0,0.0,0.0,0.0,0.0
1.8875,0.0,0.0,0.0,0.0,0.0,0.0,0.0,0.0,0.0,0.0,0.0,0.0
1.89,0.0,0.0,0.0,0.0,0.0,0.0,0.0,0.0,0.0,0.0,0.0,0.0
1.8925,0.0,0.0,0.0,0.0,0.0,0.0,0.0,0.0,0.0,0.0,0.0,0.0
1.895,0.0,0.0,0.0,0.0,0.0,0.0,0.0,0.0,0.0,0.0,0.0,0.0
1.8975,0.0,0.0,0.0,0.0,0.0,0.0,0.0,0.0,0.0,0.0,0.0,0.0
1.9,0.0,0.0,0.0,0.0,0.0,0.0,0.0,0.0,0.0,0.0,0.0,0.0
1.9025,0.0,0.0,0.0,0.0,0.0,0.0,0.0,0.0,0.0,0.0,0.0,0.0
1.905,0.0,0.0,0.0,0.0,0.0,0.0,0.0,0.0,0.0,0.0,0.0,0.0
1.9075,0.0,0.0,0.0,0.0,0.0,0.0,0.0,0.0,0.0,0.0,0.0,0.0
1.91,0.0,0.0,0.0,0.0,0.0,0.0,0.0,0.0,0.0,0.0,0.0,0.0
1.9125,0.0,0.0,0.0,0.0,0.0,0.0,0.0,0.0,0.0,0.0,0.0,0.0
1.915,0.0,0.0,0.0,0.0,0.0,0.0,0.0,0.0,0.0,0.0,0.0,0.0
1.9175,0.0,0.0,0.0,0.0,0.0,0.0,0.0,0.0,0.0,0.0,0.0,0.0
1.92,0.0,0.0,0.0,0.0,0.0,0.0,0.0,0.0,0.0,0.0,0.0,0.0
1.9225,0.0,0.0,0.0,0.0,0.0,0.0,0.0,0.0,0.0,0.0,0.0,0.0
1.925,0.0,0.0,0.0,0.0,0.0,0.0,0.0,0.0,0.0,0.0,0.0,0.0
1.9275,0.0,0.0,0.0,0.0,0.0,0.0,0.0,0.0,0.0,0.0,0.0,0.0
1.93,0.0,0.0,0.0,0.0,0.0,0.0,0.0,0.0,0.0,0.0,0.0,0.0
1.9325,0.0,0.0,0.0,0.0,0.0,0.0,0.0,0.0,0.0,0.0,0.0,0.0
1.935,0.0,0.0,0.0,0.0,0.0,0.0,0.0,0.0,0.0,0.0,0.0,0.0
1.9375,0.0,0.0,0.0,0.0,0.0,0.0,0.0,0.0,0.0,0.0,0.0,0.0
1.94,0.0,0.0,0.0,0.0,0.0,0.0,0.0,0.0,0.0,0.0,0.0,0.0
1.9425,0.0,0.0,0.0,0.0,0.0,0.0,0.0,0.0,0.0,0.0,0.0,0.0
1.945,0.0,0.0,0.0,0.0,0.0,0.0,0.0,0.0,0.0,0.0,0.0,0.0
1.9475,0.0,0.0,0.0,0.0,0.0,0.0,0.0,0.0,0.0,0.0,0.0,0.0
1.95,0.0,0.0,0.0,0.0,0.0,0.0,0.0,0.0,0.0,0.0,0.0,0.0
1.9525,0.0,0.0,0.0,0.0,0.0,0.0,0.0,0.0,0.0,0.0,0.0,0.0
1.955,0.0,0.0,0.0,0.0,0.0,0.0,0.0,0.0,0.0,0.0,0.0,0.0
1.9575,0.0,0.0,0.0,0.0,0.0,0.0,0.0,0.0,0.0,0.0,0.0,0.0
1.96,0.0,0.0,0.0,0.0,0.0,0.0,0.0,0.0,0.0,0.0,0.0,0.0
1.9625,0.0,0.0,0.0,0.0,0.0,0.0,0.0,0.0,0.0,0.0,0.0,0.0
1.965,0.0,0.0,0.0,0.0,0.0,0.0,0.0,0.0,0.0,0.0,0.0,0.0
1.9675,0.0,0.0,0.0,0.0,0.0,0.0,0.0,0.0,0.0,0.0,0.0,0.0
1.97,0.0,0.0,0.0,0.0,0.0,0.0,0.0,0.0,0.0,0.0,0.0,0.0
1.9725,0.0,0.0,0.0,0.0,0.0,0.0,0.0,0.0,0.0,0.0,0.0,0.0
1.975,0.0,0.0,0.0,0.0,0.0,0.0,0.0,0.0,0.0,0.0,0.0,0.0
1.9775,0.0,0.0,0.0,0.0,0.0,0.0,0.0,0.0,0.0,0.0,0.0,0.0
1.98,0.0,0.0,0.0,0.0,0.0,0.0,0.0,0.0,0.0,0.0,0.0,0.0
1.9825,0.0,0.0,0.0,0.0,0.0,0.0,0.0,0.0,0.0,0.0,0.0,0.0
1.985,0.0,0.0,0.0,0.0,0.0,0.0,0.0,0.0,0.0,0.0,0.0,0.0
1.9875,0.0,0.0,0.0,0.0,0.0,0.0,0.0,0.0,0.0,0.0,0.0,0.0
1.99,0.0,0.0,0.0,0.0,0.0,0.0,0.0,0.0,0.0,0.0,0.0,0.0
1.9925,0.0,0.0,0.0,0.0,0.0,0.0,0.0,0.0,0.0,0.0,0.0,0.0
1.995,0.0,0.0,0.0,0.0,0.0,0.0,0.0,0.0,0.0,0.0,0.0,0.0
1.9975,0.0,0.0,0.0,0.0,0.0,0.0,0.0,0.0,0.0,0.0,0.0,0.0
2.0,0.0,0.0,0.0,0.0,0.0,0.0,0.0,0.0,0.0,0.0,0.0,0.0
2.0025,0.0,0.0,0.0,0.0,0.0,0.0,0.0,0.0,0.0,0.0,0.0,0.0
2.005,0.0,0.0,0.0,0.0,0.0,0.0,0.0,0.0,0.0,0.0,0.0,0.0
2.0075,0.0,0.0,0.0,0.0,0.0,0.0,0.0,0.0,0.0,0.0,0.0,0.0
2.01,0.0,0.0,0.0,0.0,0.0,0.0,0.0,0.0,0.0,0.0,0.0,0.0
2.0125,0.0,0.0,0.0,0.0,0.0,0.0,0.0,0.0,0.0,0.0,0.0,0.0
2.015,0.0,0.0,0.0,0.0,0.0,0.0,0.0,0.0,0.0,0.0,0.0,0.0
2.0175,0.0,0.0,0.0,0.0,0.0,0.0,0.0,0.0,0.0,0.0,0.0,0.0
2.02,0.0,0.0,0.0,0.0,0.0,0.0,0.0,0.0,0.0,0.0,0.0,0.0
2.0225,0.0,0.0,0.0,0.0,0.0,0.0,0.0,0.0,0.0,0.0,0.0,0.0
2.025,0.0,0.0,0.0,0.0,0.0,0.0,0.0,0.0,0.0,0.0,0.0,0.0
2.0275,0.0,0.0,0.0,0.0,0.0,0.0,0.0,0.0,0.0,0.0,0.0,0.0
2.03,0.0,0.0,0.0,0.0,0.0,0.0,0.0,0.0,0.0,0.0,0.0,0.0
2.0325,0.0,0.0,0.0,0.0,0.0,0.0,0.0,0.0,0.0,0.0,0.0,0.0
2.035,0.0,0.0,0.0,0.0,0.0,0.0,0.0,0.0,0.0,0.0,0.0,0.0
2.0375,0.0,0.0,0.0,0.0,0.0,0.0,0.0,0.0,0.0,0.0,0.0,0.0
2.04,0.0,0.0,0.0,0.0,0.0,0.0,0.0,0.0,0.0,0.0,0.0,0.0
2.0425,0.0,0.0,0.0,0.0,0.0,0.0,0.0,0.0,0.0,0.0,0.0,0.0
2.045,0.0,0.0,0.0,0.0,0.0,0.0,0.0,0.0,0.0,0.0,0.0,0.0
2.0475,0.0,0.0,0.0,0.0,0.0,0.0,0.0,0.0,0.0,0.0,0.0,0.0
2.05,0.0,0.0,0.0,0.0,0.0,0.0,0.0,0.0,0.0,0.0,0.0,0.0
2.0525,0.0,0.0,0.0,0.0,0.0,0.0,0.0,0.0,0.0,0.0,0.0,0.0
2.055,0.0,0.0,0.0,0.0,0.0,0.0,0.0,0.0,0.0,0.0,0.0,0.0
2.0575,0.0,0.0,0.0,0.0,0.0,0.0,0.0,0.0,0.0,0.0,0.0,0.0
2.06,0.0,0.0,0.0,0.0,0.0,0.0,0.0,0.0,0.0,0.0,0.0,0.0
2.0625,0.0,0.0,0.0,0.0,0.0,0.0,0.0,0.0,0.0,0.0,0.0,0.0
2.065,0.0,0.0,0.0,0.0,0.0,0.0,0.0,0.0,0.0,0.0,0.0,0.0
2.0675,0.0,0.0,0.0,0.0,0.0,0.0,0.0,0.0,0.0,0.0,0.0,0.0
2.07,0.0,0.0,0.0,0.0,0.0,0.0,0.0,0.0,0.0,0.0,0.0,0.0
2.0725,0.0,0.0,0.0,0.0,0.0,0.0,0.0,0.0,0.0,0.0,0.0,0.0
2.075,0.0,0.0,0.0,0.0,0.0,0.0,0.0,0.0,0.0,0.0,0.0,0.0
2.0775,0.0,0.0,0.0,0.0,0.0,0.0,0.0,0.0,0.0,0.0,0.0,0.0
2.08,0.0,0.0,0.0,0.0,0.0,0.0,0.0,0.0,0.0,0.0,0.0,0.0
2.0825,0.0,0.0,0.0,0.0,0.0,0.0,0.0,0.0,0.0,0.0,0.0,0.0
2.085,0.0,0.0,0.0,0.0,0.0,0.0,0.0,0.0,0.0,0.0,0.0,0.0
2.0875,0.0,0.0,0.0,0.0,0.0,0.0,0.0,0.0,0.0,0.0,0.0,0.0
2.09,0.0,0.0,0.0,0.0,0.0,0.0,0.0,0.0,0.0,0.0,0.0,0.0
2.0925,0.0,0.0,0.0,0.0,0.0,0.0,0.0,0.0,0.0,0.0,0.0,0.0
2.095,0.0,0.0,0.0,0.0,0.0,0.0,0.0,0.0,0.0,0.0,0.0,0.0
2.0975,0.0,0.0,0.0,0.0,0.0,0.0,0.0,0.0,0.0,0.0,0.0,0.0
2.1,0.0,0.0,0.0,0.0,0.0,0.0,0.0,0.0,0.0,0.0,0.0,0.0
2.1025,0.0,0.0,0.0,0.0,0.0,0.0,0.0,0.0,0.0,0.0,0.0,0.0
2.105,0.0,0.0,0.0,0.0,0.0,0.0,0.0,0.0,0.0,0.0,0.0,0.0
2.1075,0.0,0.0,0.0,0.0,0.0,0.0,0.0,0.0,0.0,0.0,0.0,0.0
2.11,0.0,0.0,0.0,0.0,0.0,0.0,0.0,0.0,0.0,0.0,0.0,0.0
2.1125,0.0,0.0,0.0,0.0,0.0,0.0,0.0,0.0,0.0,0.0,0.0,0.0
2.115,0.0,0.0,0.0,0.0,0.0,0.0,0.0,0.0,0.0,0.0,0.0,0.0
2.1175,0.0,0.0,0.0,0.0,0.0,0.0,0.0,0.0,0.0,0.0,0.0,0.0
2.12,0.0,0.0,0.0,0.0,0.0,0.0,0.0,0.0,0.0,0.0,0.0,0.0
2.1225,0.0,0.0,0.0,0.0,0.0,0.0,0.0,0.0,0.0,0.0,0.0,0.0
2.125,0.0,0.0,0.0,0.0,0.0,0.0,0.0,0.0,0.0,0.0,0.0,0.0
2.1275,0.0,0.0,0.0,0.0,0.0,0.0,0.0,0.0,0.0,0.0,0.0,0.0
2.13,0.0,0.0,0.0,0.0,0.0,0.0,0.0,0.0,0.0,0.0,0.0,0.0
2.1325,0.0,0.0,0.0,0.0,0.0,0.0,0.0,0.0,0.0,0.0,0.0,0.0
2.135,0.0,0.0,0.0,0.0,0.0,0.0,0.0,0.0,0.0,0.0,0.0,0.0
2.1375,0.0,0.0,0.0,0.0,0.0,0.0,0.0,0.0,0.0,0.0,0.0,0.0
2.14,0.0,0.0,0.0,0.0,0.0,0.0,0.0,0.0,0.0,0.0,0.0,0.0
2.1425,0.0,0.0,0.0,0.0,0.0,0.0,0.0,0.0,0.0,0.0,0.0,0.0
2.145,0.0,0.0,0.0,0.0,0.0,0.0,0.0,0.0,0.0,0.0,0.0,0.0
2.1475,0.0,0.0,0.0,0.0,0.0,0.0,0.0,0.0,0.0,0.0,0.0,0.0
2.15,0.0,0.0,0.0,0.0,0.0,0.0,0.0,0.0,0.0,0.0,0.0,0.0
2.1525,0.0,0.0,0.0,0.0,0.0,0.0,0.0,0.0,0.0,0.0,0.0,0.0
2.155,0.0,0.0,0.0,0.0,0.0,0.0,0.0,0.0,0.0,0.0,0.0,0.0
2.1575,0.0,0.0,0.0,0.0,0.0,0.0,0.0,0.0,0.0,0.0,0.0,0.0
2.16,0.0,0.0,0.0,0.0,0.0,0.0,0.0,0.0,0.0,0.0,0.0,0.0
2.1625,0.0,0.0,0.0,0.0,0.0,0.0,0.0,0.0,0.0,0.0,0.0,0.0
2.165,0.0,0.0,0.0,0.0,0.0,0.0,0.0,0.0,0.0,0.0,0.0,0.0
2.1675,0.0,0.0,0.0,0.0,0.0,0.0,0.0,0.0,0.0,0.0,0.0,0.0
2.17,0.0,0.0,0.0,0.0,0.0,0.0,0.0,0.0,0.0,0.0,0.0,0.0
2.1725,0.0,0.0,0.0,0.0,0.0,0.0,0.0,0.0,0.0,0.0,0.0,0.0
2.175,0.0,0.0,0.0,0.0,0.0,0.0,0.0,0.0,0.0,0.0,0.0,0.0
2.1775,0.0,0.0,0.0,0.0,0.0,0.0,0.0,0.0,0.0,0.0,0.0,0.0
2.18,0.0,0.0,0.0,0.0,0.0,0.0,0.0,0.0,0.0,0.0,0.0,0.0
2.1825,0.0,0.0,0.0,0.0,0.0,0.0,0.0,0.0,0.0,0.0,0.0,0.0
2.185,0.0,0.0,0.0,0.0,0.0,0.0,0.0,0.0,0.0,0.0,0.0,0.0
2.1875,0.0,0.0,0.0,0.0,0.0,0.0,0.0,0.0,0.0,0.0,0.0,0.0
2.19,0.0,0.0,0.0,0.0,0.0,0.0,0.0,0.0,0.0,0.0,0.0,0.0
2.1925,0.0,0.0,0.0,0.0,0.0,0.0,0.0,0.0,0.0,0.0,0.0,0.0
2.195,0.0,0.0,0.0,0.0,0.0,0.0,0.0,0.0,0.0,0.0,0.0,0.0
2.1975,0.0,0.0,0.0,0.0,0.0,0.0,0.0,0.0,0.0,0.0,0.0,0.0
2.2,0.0,0.0,0.0,0.0,0.0,0.0,0.0,0.0,0.0,0.0,0.0,0.0
2.2025,0.0,0.0,0.0,0.0,0.0,0.0,0.0,0.0,0.0,0.0,0.0,0.0
2.205,0.0,0.0,0.0,0.0,0.0,0.0,0.0,0.0,0.0,0.0,0.0,0.0
2.2075,0.0,0.0,0.0,0.0,0.0,0.0,0.0,0.0,0.0,0.0,0.0,0.0
2.21,0.0,0.0,0.0,0.0,0.0,0.0,0.0,0.0,0.0,0.0,0.0,0.0
2.2125,0.0,0.0,0.0,0.0,0.0,0.0,0.0,0.0,0.0,0.0,0.0,0.0
2.215,0.0,0.0,0.0,0.0,0.0,0.0,0.0,0.0,0.0,0.0,0.0,0.0
2.2175,0.0,0.0,0.0,0.0,0.0,0.0,0.0,0.0,0.0,0.0,0.0,0.0
2.22,0.0,0.0,0.0,0.0,0.0,0.0,0.0,0.0,0.0,0.0,0.0,0.0
2.2225,0.0,0.0,0.0,0.0,0.0,0.0,0.0,0.0,0.0,0.0,0.0,0.0
2.225,0.0,0.0,0.0,0.0,0.0,0.0,0.0,0.0,0.0,0.0,0.0,0.0
2.2275,0.0,0.0,0.0,0.0,0.0,0.0,0.0,0.0,0.0,0.0,0.0,0.0
2.23,0.0,0.0,0.0,0.0,0.0,0.0,0.0,0.0,0.0,0.0,0.0,0.0
2.2325,0.0,0.0,0.0,0.0,0.0,0.0,0.0,0.0,0.0,0.0,0.0,0.0
2.235,0.0,0.0,0.0,0.0,0.0,0.0,0.0,0.0,0.0,0.0,0.0,0.0
2.2375,0.0,0.0,0.0,0.0,0.0,0.0,0.0,0.0,0.0,0.0,0.0,0.0
2.24,0.0,0.0,0.0,0.0,0.0,0.0,0.0,0.0,0.0,0.0,0.0,0.0
2.2425,0.0,0.0,0.0,0.0,0.0,0.0,0.0,0.0,0.0,0.0,0.0,0.0
2.245,0.0,0.0,0.0,0.0,0.0,0.0,0.0,0.0,0.0,0.0,0.0,0.0
2.2475,0.0,0.0,0.0,0.0,0.0,0.0,0.0,0.0,0.0,0.0,0.0,0.0
2.25,0.0,0.0,0.0,0.0,0.0,0.0,0.0,0.0,0.0,0.0,0.0,0.0
2.2525,0.0,0.0,0.0,0.0,0.0,0.0,0.0,0.0,0.0,0.0,0.0,0.0
2.255,0.0,0.0,0.0,0.0,0.0,0.0,0.0,0.0,0.0,0.0,0.0,0.0
2.2575,0.0,0.0,0.0,0.0,0.0,0.0,0.0,0.0,0.0,0.0,0.0,0.0
2.26,0.0,0.0,0.0,0.0,0.0,0.0,0.0,0.0,0.0,0.0,0.0,0.0
2.2625,0.0,0.0,0.0,0.0,0.0,0.0,0.0,0.0,0.0,0.0,0.0,0.0
2.265,0.0,0.0,0.0,0.0,0.0,0.0,0.0,0.0,0.0,0.0,0.0,0.0
2.2675,0.0,0.0,0.0,0.0,0.0,0.0,0.0,0.0,0.0,0.0,0.0,0.0
2.27,0.0,0.0,0.0,0.0,0.0,0.0,0.0,0.0,0.0,0.0,0.0,0.0
2.2725,0.0,0.0,0.0,0.0,0.0,0.0,0.0,0.0,0.0,0.0,0.0,0.0
2.275,0.0,0.0,0.0,0.0,0.0,0.0,0.0,0.0,0.0,0.0,0.0,0.0
2.2775,0.0,0.0,0.0,0.0,0.0,0.0,0.0,0.0,0.0,0.0,0.0,0.0
2.28,0.0,0.0,0.0,0.0,0.0,0.0,0.0,0.0,0.0,0.0,0.0,0.0
2.2825,0.0,0.0,0.0,0.0,0.0,0.0,0.0,0.0,0.0,0.0,0.0,0.0
2.285,0.0,0.0,0.0,0.0,0.0,0.0,0.0,0.0,0.0,0.0,0.0,0.0
2.2875,0.0,0.0,0.0,0.0,0.0,0.0,0.0,0.0,0.0,0.0,0.0,0.0
2.29,0.0,0.0,0.0,0.0,0.0,0.0,0.0,0.0,0.0,0.0,0.0,0.0
2.2925,0.0,0.0,0.0,0.0,0.0,0.0,0.0,0.0,0.0,0.0,0.0,0.0
2.295,0.0,0.0,0.0,0.0,0.0,0.0,0.0,0.0,0.0,0.0,0.0,0.0
2.2975,0.0,0.0,0.0,0.0,0.0,0.0,0.0,0.0,0.0,0.0,0.0,0.0
2.3,0.0,0.0,0.0,0.0,0.0,0.0,0.0,0.0,0.0,0.0,0.0,0.0
2.3025,0.0,0.0,0.0,0.0,0.0,0.0,0.0,0.0,0.0,0.0,0.0,0.0
2.305,0.0,0.0,0.0,0.0,0.0,0.0,0.0,0.0,0.0,0.0,0.0,0.0
2.3075,0.0,0.0,0.0,0.0,0.0,0.0,0.0,0.0,0.0,0.0,0.0,0.0
2.31,0.0,0.0,0.0,0.0,0.0,0.0,0.0,0.0,0.0,0.0,0.0,0.0
2.3125,0.0,0.0,0.0,0.0,0.0,0.0,0.0,0.0,0.0,0.0,0.0,0.0
2.315,0.0,0.0,0.0,0.0,0.0,0.0,0.0,0.0,0.0,0.0,0.0,0.0
2.3175,0.0,0.0,0.0,0.0,0.0,0.0,0.0,0.0,0.0,0.0,0.0,0.0
2.32,0.0,0.0,0.0,0.0,0.0,0.0,0.0,0.0,0.0,0.0,0.0,0.0
2.3225,0.0,0.0,0.0,0.0,0.0,0.0,0.0,0.0,0.0,0.0,0.0,0.0
2.325,0.0,0.0,0.0,0.0,0.0,0.0,0.0,0.0,0.0,0.0,0.0,0.0
2.3275,0.0,0.0,0.0,0.0,0.0,0.0,0.0,0.0,0.0,0.0,0.0,0.0
2.33,0.0,0.0,0.0,0.0,0.0,0.0,0.0,0.0,0.0,0.0,0.0,0.0
2.3325,0.0,0.0,0.0,0.0,0.0,0.0,0.0,0.0,0.0,0.0,0.0,0.0
2.335,0.0,0.0,0.0,0.0,0.0,0.0,0.0,0.0,0.0,0.0,0.0,0.0
2.3375,0.0,0.0,0.0,0.0,0.0,0.0,0.0,0.0,0.0,0.0,0.0,0.0
2.34,0.0,0.0,0.0,0.0,0.0,0.0,0.0,0.0,0.0,0.0,0.0,0.0
2.3425,0.0,0.0,0.0,0.0,0.0,0.0,0.0,0.0,0.0,0.0,0.0,0.0
2.345,0.0,0.0,0.0,0.0,0.0,0.0,0.0,0.0,0.0,0.0,0.0,0.0
2.3475,0.0,0.0,0.0,0.0,0.0,0.0,0.0,0.0,0.0,0.0,0.0,0.0
2.35,0.0,0.0,0.0,0.0,0.0,0.0,0.0,0.0,0.0,0.0,0.0,0.0
2.3525,0.0,0.0,0.0,0.0,0.0,0.0,0.0,0.0,0.0,0.0,0.0,0.0
2.355,0.0,0.0,0.0,0.0,0.0,0.0,0.0,0.0,0.0,0.0,0.0,0.0
2.3575,0.0,0.0,0.0,0.0,0.0,0.0,0.0,0.0,0.0,0.0,0.0,0.0
2.36,0.0,0.0,0.0,0.0,0.0,0.0,0.0,0.0,0.0,0.0,0.0,0.0
2.3625,0.0,0.0,0.0,0.0,0.0,0.0,0.0,0.0,0.0,0.0,0.0,0.0
2.365,0.0,0.0,0.0,0.0,0.0,0.0,0.0,0.0,0.0,0.0,0.0,0.0
2.3675,0.0,0.0,0.0,0.0,0.0,0.0,0.0,0.0,0.0,0.0,0.0,0.0
2.37,0.0,0.0,0.0,0.0,0.0,0.0,0.0,0.0,0.0,0.0,0.0,0.0
2.3725,0.0,0.0,0.0,0.0,0.0,0.0,0.0,0.0,0.0,0.0,0.0,0.0
2.375,0.0,0.0,0.0,0.0,0.0,0.0,0.0,0.0,0.0,0.0,0.0,0.0
2.3775,0.0,0.0,0.0,0.0,0.0,0.0,0.0,0.0,0.0,0.0,0.0,0.0
2.38,0.0,0.0,0.0,0.0,0.0,0.0,0.0,0.0,0.0,0.0,0.0,0.0
2.3825,0.0,0.0,0.0,0.0,0.0,0.0,0.0,0.0,0.0,0.0,0.0,0.0
2.385,0.0,0.0,0.0,0.0,0.0,0.0,0.0,0.0,0.0,0.0,0.0,0.0
2.3875,0.0,0.0,0.0,0.0,0.0,0.0,0.0,0.0,0.0,0.0,0.0,0.0
2.39,0.0,0.0,0.0,0.0,0.0,0.0,0.0,0.0,0.0,0.0,0.0,0.0
2.3925,0.0,0.0,0.0,0.0,0.0,0.0,0.0,0.0,0.0,0.0,0.0,0.0
2.395,0.0,0.0,0.0,0.0,0.0,0.0,0.0,0.0,0.0,0.0,0.0,0.0
2.3975,0.0,0.0,0.0,0.0,0.0,0.0,0.0,0.0,0.0,0.0,0.0,0.0
2.4,0.0,0.0,0.0,0.0,0.0,0.0,0.0,0.0,0.0,0.0,0.0,0.0
2.4025,0.0,0.0,0.0,0.0,0.0,0.0,0.0,0.0,0.0,0.0,0.0,0.0
2.405,0.0,0.0,0.0,0.0,0.0,0.0,0.0,0.0,0.0,0.0,0.0,0.0
2.4075,0.0,0.0,0.0,0.0,0.0,0.0,0.0,0.0,0.0,0.0,0.0,0.0
2.41,0.0,0.0,0.0,0.0,0.0,0.0,0.0,0.0,0.0,0.0,0.0,0.0
2.4125,0.0,0.0,0.0,0.0,0.0,0.0,0.0,0.0,0.0,0.0,0.0,0.0
2.415,0.0,0.0,0.0,0.0,0.0,0.0,0.0,0.0,0.0,0.0,0.0,0.0
2.4175,0.0,0.0,0.0,0.0,0.0,0.0,0.0,0.0,0.0,0.0,0.0,0.0
2.42,0.0,0.0,0.0,0.0,0.0,0.0,0.0,0.0,0.0,0.0,0.0,0.0
2.4225,0.0,0.0,0.0,0.0,0.0,0.0,0.0,0.0,0.0,0.0,0.0,0.0
2.425,0.0,0.0,0.0,0.0,0.0,0.0,0.0,0.0,0.0,0.0,0.0,0.0
2.4275,0.0,0.0,0.0,0.0,0.0,0.0,0.0,0.0,0.0,0.0,0.0,0.0
2.43,0.0,0.0,0.0,0.0,0.0,0.0,0.0,0.0,0.0,0.0,0.0,0.0
2.4325,0.0,0.0,0.0,0.0,0.0,0.0,0.0,0.0,0.0,0.0,0.0,0.0
2.435,0.0,0.0,0.0,0.0,0.0,0.0,0.0,0.0,0.0,0.0,0.0,0.0
2.4375,0.0,0.0,0.0,0.0,0.0,0.0,0.0,0.0,0.0,0.0,0.0,0.0
2.44,0.0,0.0,0.0,0.0,0.0,0.0,0.0,0.0,0.0,0.0,0.0,0.0
2.4425,0.0,0.0,0.0,0.0,0.0,0.0,0.0,0.0,0.0,0.0,0.0,0.0
2.445,0.0,0.0,0.0,0.0,0.0,0.0,0.0,0.0,0.0,0.0,0.0,0.0
2.4475,0.0,0.0,0.0,0.0,0.0,0.0,0.0,0.0,0.0,0.0,0.0,0.0
2.45,0.0,0.0,0.0,0.0,0.0,0.0,0.0,0.0,0.0,0.0,0.0,0.0
2.4525,0.0,0.0,0.0,0.0,0.0,0.0,0.0,0.0,0.0,0.0,0.0,0.0
2.455,0.0,0.0,0.0,0.0,0.0,0.0,0.0,0.0,0.0,0.0,0.0,0.0
2.4575,0.0,0.0,0.0,0.0,0.0,0.0,0.0,0.0,0.0,0.0,0.0,0.0
2.46,0.0,0.0,0.0,0.0,0.0,0.0,0.0,0.0,0.0,0.0,0.0,0.0
2.4625,0.0,0.0,0.0,0.0,0.0,0.0,0.0,0.0,0.0,0.0,0.0,0.0
2.465,0.0,0.0,0.0,0.0,0.0,0.0,0.0,0.0,0.0,0.0,0.0,0.0
2.4675,0.0,0.0,0.0,0.0,0.0,0.0,0.0,0.0,0.0,0.0,0.0,0.0
2.47,0.0,0.0,0.0,0.0,0.0,0.0,0.0,0.0,0.0,0.0,0.0,0.0
2.4725,0.0,0.0,0.0,0.0,0.0,0.0,0.0,0.0,0.0,0.0,0.0,0.0
2.475,0.0,0.0,0.0,0.0,0.0,0.0,0.0,0.0,0.0,0.0,0.0,0.0
2.4775,0.0,0.0,0.0,0.0,0.0,0.0,0.0,0.0,0.0,0.0,0.0,0.0
2.48,0.0,0.0,0.0,0.0,0.0,0.0,0.0,0.0,0.0,0.0,0.0,0.0
2.4825,0.0,0.0,0.0,0.0,0.0,0.0,0.0,0.0,0.0,0.0,0.0,0.0
2.485,0.0,0.0,0.0,0.0,0.0,0.0,0.0,0.0,0.0,0.0,0.0,0.0
2.4875,0.0,0.0,0.0,0.0,0.0,0.0,0.0,0.0,0.0,0.0,0.0,0.0
2.49,0.0,0.0,0.0,0.0,0.0,0.0,0.0,0.0,0.0,0.0,0.0,0.0
2.4925,0.0,0.0,0.0,0.0,0.0,0.0,0.0,0.0,0.0,0.0,0.0,0.0
2.495,0.0,0.0,0.0,0.0,0.0,0.0,0.0,0.0,0.0,0.0,0.0,0.0
2.4975,0.0,0.0,0.0,0.0,0.0,0.0,0.0,0.0,0.0,0.0,0.0,0.0
2.5,0.0,0.0,0.0,0.0,0.0,0.0,0.0,0.0,0.0,0.0,0.0,0.0
2.5025,0.0,0.0,0.0,0.0,0.0,0.0,0.0,0.0,0.0,0.0,0.0,0.0
2.505,0.0,0.0,0.0,0.0,0.0,0.0,0.0,0.0,0.0,0.0,0.0,0.0
2.5075,0.0,0.0,0.0,0.0,0.0,0.0,0.0,0.0,0.0,0.0,0.0,0.0
2.51,0.0,0.0,0.0,0.0,0.0,0.0,0.0,0.0,0.0,0.0,0.0,0.0
2.5125,0.0,0.0,0.0,0.0,0.0,0.0,0.0,0.0,0.0,0.0,0.0,0.0
2.515,0.0,0.0,0.0,0.0,0.0,0.0,0.0,0.0,0.0,0.0,0.0,0.0
2.5175,0.0,0.0,0.0,0.0,0.0,0.0,0.0,0.0,0.0,0.0,0.0,0.0
2.52,0.0,0.0,0.0,0.0,0.0,0.0,0.0,0.0,0.0,0.0,0.0,0.0
2.5225,0.0,0.0,0.0,0.0,0.0,0.0,0.0,0.0,0.0,0.0,0.0,0.0
2.525,0.0,0.0,0.0,0.0,0.0,0.0,0.0,0.0,0.0,0.0,0.0,0.0
2.5275,0.0,0.0,0.0,0.0,0.0,0.0,0.0,0.0,0.0,0.0,0.0,0.0
2.53,0.0,0.0,0.0,0.0,0.0,0.0,0.0,0.0,0.0,0.0,0.0,0.0
2.5325,0.0,0.0,0.0,0.0,0.0,0.0,0.0,0.0,0.0,0.0,0.0,0.0
2.535,0.0,0.0,0.0,0.0,0.0,0.0,0.0,0.0,0.0,0.0,0.0,0.0
2.5375,0.0,0.0,0.0,0.0,0.0,0.0,0.0,0.0,0.0,0.0,0.0,0.0
2.54,0.0,0.0,0.0,0.0,0.0,0.0,0.0,0.0,0.0,0.0,0.0,0.0
2.5425,0.0,0.0,0.0,0.0,0.0,0.0,0.0,0.0,0.0,0.0,0.0,0.0
2.545,0.0,0.0,0.0,0.0,0.0,0.0,0.0,0.0,0.0,0.0,0.0,0.0
2.5475,0.0,0.0,0.0,0.0,0.0,0.0,0.0,0.0,0.0,0.0,0.0,0.0
2.55,0.0,0.0,0.0,0.0,0.0,0.0,0.0,0.0,0.0,0.0,0.0,0.0
2.5525,0.0,0.0,0.0,0.0,0.0,0.0,0.0,0.0,0.0,0.0,0.0,0.0
2.555,0.0,0.0,0.0,0.0,0.0,0.0,0.0,0.0,0.0,0.0,0.0,0.0
2.5575,0.0,0.0,0.0,0.0,0.0,0.0,0.0,0.0,0.0,0.0,0.0,0.0
2.56,0.0,0.0,0.0,0.0,0.0,0.0,0.0,0.0,0.0,0.0,0.0,0.0
2.5625,0.0,0.0,0.0,0.0,0.0,0.0,0.0,0.0,0.0,0.0,0.0,0.0
2.565,0.0,0.0,0.0,0.0,0.0,0.0,0.0,0.0,0.0,0.0,0.0,0.0
2.5675,0.0,0.0,0.0,0.0,0.0,0.0,0.0,0.0,0.0,0.0,0.0,0.0
2.57,0.0,0.0,0.0,0.0,0.0,0.0,0.0,0.0,0.0,0.0,0.0,0.0
2.5725,0.0,0.0,0.0,0.0,0.0,0.0,0.0,0.0,0.0,0.0,0.0,0.0
2.575,0.0,0.0,0.0,0.0,0.0,0.0,0.0,0.0,0.0,0.0,0.0,0.0
2.5775,0.0,0.0,0.0,0.0,0.0,0.0,0.0,0.0,0.0,0.0,0.0,0.0
2.58,0.0,0.0,0.0,0.0,0.0,0.0,0.0,0.0,0.0,0.0,0.0,0.0
2.5825,0.0,0.0,0.0,0.0,0.0,0.0,0.0,0.0,0.0,0.0,0.0,0.0
2.585,0.0,0.0,0.0,0.0,0.0,0.0,0.0,0.0,0.0,0.0,0.0,0.0
2.5875,0.0,0.0,0.0,0.0,0.0,0.0,0.0,0.0,0.0,0.0,0.0,0.0
2.59,0.0,0.0,0.0,0.0,0.0,0.0,0.0,0.0,0.0,0.0,0.0,0.0
2.5925,0.0,0.0,0.0,0.0,0.0,0.0,0.0,0.0,0.0,0.0,0.0,0.0
2.595,0.0,0.0,0.0,0.0,0.0,0.0,0.0,0.0,0.0,0.0,0.0,0.0
2.5975,0.0,0.0,0.0,0.0,0.0,0.0,0.0,0.0,0.0,0.0,0.0,0.0
2.6,0.0,0.0,0.0,0.0,0.0,0.0,0.0,0.0,0.0,0.0,0.0,0.0
2.6025,0.0,0.0,0.0,0.0,0.0,0.0,0.0,0.0,0.0,0.0,0.0,0.0
2.605,0.0,0.0,0.0,0.0,0.0,0.0,0.0,0.0,0.0,0.0,0.0,0.0
2.6075,0.0,0.0,0.0,0.0,0.0,0.0,0.0,0.0,0.0,0.0,0.0,0.0
2.61,0.0,0.0,0.0,0.0,0.0,0.0,0.0,0.0,0.0,0.0,0.0,0.0
2.6125,0.0,0.0,0.0,0.0,0.0,0.0,0.0,0.0,0.0,0.0,0.0,0.0
2.615,0.0,0.0,0.0,0.0,0.0,0.0,0.0,0.0,0.0,0.0,0.0,0.0
2.6175,0.0,0.0,0.0,0.0,0.0,0.0,0.0,0.0,0.0,0.0,0.0,0.0
2.62,0.0,0.0,0.0,0.0,0.0,0.0,0.0,0.0,0.0,0.0,0.0,0.0
2.6225,0.0,0.0,0.0,0.0,0.0,0.0,0.0,0.0,0.0,0.0,0.0,0.0
2.625,0.0,0.0,0.0,0.0,0.0,0.0,0.0,0.0,0.0,0.0,0.0,0.0
2.6275,0.0,0.0,0.0,0.0,0.0,0.0,0.0,0.0,0.0,0.0,0.0,0.0
2.63,0.0,0.0,0.0,0.0,0.0,0.0,0.0,0.0,0.0,0.0,0.0,0.0
2.6325,0.0,0.0,0.0,0.0,0.0,0.0,0.0,0.0,0.0,0.0,0.0,0.0
2.635,0.0,0.0,0.0,0.0,0.0,0.0,0.0,0.0,0.0,0.0,0.0,0.0
2.6375,0.0,0.0,0.0,0.0,0.0,0.0,0.0,0.0,0.0,0.0,0.0,0.0
2.64,0.0,0.0,0.0,0.0,0.0,0.0,0.0,0.0,0.0,0.0,0.0,0.0
2.6425,0.0,0.0,0.0,0.0,0.0,0.0,0.0,0.0,0.0,0.0,0.0,0.0
2.645,0.0,0.0,0.0,0.0,0.0,0.0,0.0,0.0,0.0,0.0,0.0,0.0
2.6475,0.0,0.0,0.0,0.0,0.0,0.0,0.0,0.0,0.0,0.0,0.0,0.0
2.65,0.0,0.0,0.0,0.0,0.0,0.0,0.0,0.0,0.0,0.0,0.0,0.0
2.6525,0.0,0.0,0.0,0.0,0.0,0.0,0.0,0.0,0.0,0.0,0.0,0.0
2.655,0.0,0.0,0.0,0.0,0.0,0.0,0.0,0.0,0.0,0.0,0.0,0.0
2.6575,0.0,0.0,0.0,0.0,0.0,0.0,0.0,0.0,0.0,0.0,0.0,0.0
2.66,0.0,0.0,0.0,0.0,0.0,0.0,0.0,0.0,0.0,0.0,0.0,0.0
2.6625,0.0,0.0,0.0,0.0,0.0,0.0,0.0,0.0,0.0,0.0,0.0,0.0
2.665,0.0,0.0,0.0,0.0,0.0,0.0,0.0,0.0,0.0,0.0,0.0,0.0
2.6675,0.0,0.0,0.0,0.0,0.0,0.0,0.0,0.0,0.0,0.0,0.0,0.0
2.67,0.0,0.0,0.0,0.0,0.0,0.0,0.0,0.0,0.0,0.0,0.0,0.0
2.6725,0.0,0.0,0.0,0.0,0.0,0.0,0.0,0.0,0.0,0.0,0.0,0.0
2.675,0.0,0.0,0.0,0.0,0.0,0.0,0.0,0.0,0.0,0.0,0.0,0.0
2.6775,0.0,0.0,0.0,0.0,0.0,0.0,0.0,0.0,0.0,0.0,0.0,0.0
2.68,0.0,0.0,0.0,0.0,0.0,0.0,0.0,0.0,0.0,0.0,0.0,0.0
2.6825,0.0,0.0,0.0,0.0,0.0,0.0,0.0,0.0,0.0,0.0,0.0,0.0
2.685,0.0,0.0,0.0,0.0,0.0,0.0,0.0,0.0,0.0,0.0,0.0,0.0
2.6875,0.0,0.0,0.0,0.0,0.0,0.0,0.0,0.0,0.0,0.0,0.0,0.0
2.69,0.0,0.0,0.0,0.0,0.0,0.0,0.0,0.0,0.0,0.0,0.0,0.0
2.6925,0.0,0.0,0.0,0.0,0.0,0.0,0.0,0.0,0.0,0.0,0.0,0.0
2.695,0.0,0.0,0.0,0.0,0.0,0.0,0.0,0.0,0.0,0.0,0.0,0.0
2.6975,0.0,0.0,0.0,0.0,0.0,0.0,0.0,0.0,0.0,0.0,0.0,0.0
2.7,0.0,0.0,0.0,0.0,0.0,0.0,0.0,0.0,0.0,0.0,0.0,0.0
2.7025,0.0,0.0,0.0,0.0,0.0,0.0,0.0,0.0,0.0,0.0,0.0,0.0
2.705,0.0,0.0,0.0,0.0,0.0,0.0,0.0,0.0,0.0,0.0,0.0,0.0
2.7075,0.0,0.0,0.0,0.0,0.0,0.0,0.0,0.0,0.0,0.0,0.0,0.0
2.71,0.0,0.0,0.0,0.0,0.0,0.0,0.0,0.0,0.0,0.0,0.0,0.0
2.7125,0.0,0.0,0.0,0.0,0.0,0.0,0.0,0.0,0.0,0.0,0.0,0.0
2.715,0.0,0.0,0.0,0.0,0.0,0.0,0.0,0.0,0.0,0.0,0.0,0.0
2.7175,0.0,0.0,0.0,0.0,0.0,0.0,0.0,0.0,0.0,0.0,0.0,0.0
2.72,0.0,0.0,0.0,0.0,0.0,0.0,0.0,0.0,0.0,0.0,0.0,0.0
2.7225,0.0,0.0,0.0,0.0,0.0,0.0,0.0,0.0,0.0,0.0,0.0,0.0
2.725,0.0,0.0,0.0,0.0,0.0,0.0,0.0,0.0,0.0,0.0,0.0,0.0
2.7275,0.0,0.0,0.0,0.0,0.0,0.0,0.0,0.0,0.0,0.0,0.0,0.0
2.73,0.0,0.0,0.0,0.0,0.0,0.0,0.0,0.0,0.0,0.0,0.0,0.0
2.7325,0.0,0.0,0.0,0.0,0.0,0.0,0.0,0.0,0.0,0.0,0.0,0.0
2.735,0.0,0.0,0.0,0.0,0.0,0.0,0.0,0.0,0.0,0.0,0.0,0.0
2.7375,0.0,0.0,0.0,0.0,0.0,0.0,0.0,0.0,0.0,0.0,0.0,0.0
2.74,0.0,0.0,0.0,0.0,0.0,0.0,0.0,0.0,0.0,0.0,0.0,0.0
2.7425,0.0,0.0,0.0,0.0,0.0,0.0,0.0,0.0,0.0,0.0,0.0,0.0
2.745,0.0,0.0,0.0,0.0,0.0,0.0,0.0,0.0,0.0,0.0,0.0,0.0
2.7475,0.0,0.0,0.0,0.0,0.0,0.0,0.0,0.0,0.0,0.0,0.0,0.0
2.75,0.0,0.0,0.0,0.0,0.0,0.0,0.0,0.0,0.0,0.0,0.0,0.0
2.7525,0.0,0.0,0.0,0.0,0.0,0.0,0.0,0.0,0.0,0.0,0.0,0.0
2.755,0.0,0.0,0.0,0.0,0.0,0.0,0.0,0.0,0.0,0.0,0.0,0.0
2.7575,0.0,0.0,0.0,0.0,0.0,0.0,0.0,0.0,0.0,0.0,0.0,0.0
2.76,0.0,0.0,0.0,0.0,0.0,0.0,0.0,0.0,0.0,0.0,0.0,0.0
2.7625,0.0,0.0,0.0,0.0,0.0,0.0,0.0,0.0,0.0,0.0,0.0,0.0
2.765,0.0,0.0,0.0,0.0,0.0,0.0,0.0,0.0,0.0,0.0,0.0,0.0
2.7675,0.0,0.0,0.0,0.0,0.0,0.0,0.0,0.0,0.0,0.0,0.0,0.0
2.77,0.0,0.0,0.0,0.0,0.0,0.0,0.0,0.0,0.0,0.0,0.0,0.0
2.7725,0.0,0.0,0.0,0.0,0.0,0.0,0.0,0.0,0.0,0.0,0.0,0.0
2.775,0.0,0.0,0.0,0.0,0.0,0.0,0.0,0.0,0.0,0.0,0.0,0.0
2.7775,0.0,0.0,0.0,0.0,0.0,0.0,0.0,0.0,0.0,0.0,0.0,0.0
2.78,0.0,0.0,0.0,0.0,0.0,0.0,0.0,0.0,0.0,0.0,0.0,0.0
2.7825,0.0,0.0,0.0,0.0,0.0,0.0,0.0,0.0,0.0,0.0,0.0,0.0
2.785,0.0,0.0,0.0,0.0,0.0,0.0,0.0,0.0,0.0,0.0,0.0,0.0
2.7875,0.0,0.0,0.0,0.0,0.0,0.0,0.0,0.0,0.0,0.0,0.0,0.0
2.79,0.0,0.0,0.0,0.0,0.0,0.0,0.0,0.0,0.0,0.0,0.0,0.0
2.7925,0.0,0.0,0.0,0.0,0.0,0.0,0.0,0.0,0.0,0.0,0.0,0.0
2.795,0.0,0.0,0.0,0.0,0.0,0.0,0.0,0.0,0.0,0.0,0.0,0.0
2.7975,0.0,0.0,0.0,0.0,0.0,0.0,0.0,0.0,0.0,0.0,0.0,0.0
2.8,0.0,0.0,0.0,0.0,0.0,0.0,0.0,0.0,0.0,0.0,0.0,0.0
2.8025,0.0,0.0,0.0,0.0,0.0,0.0,0.0,0.0,0.0,0.0,0.0,0.0
2.805,0.0,0.0,0.0,0.0,0.0,0.0,0.0,0.0,0.0,0.0,0.0,0.0
2.8075,0.0,0.0,0.0,0.0,0.0,0.0,0.0,0.0,0.0,0.0,0.0,0.0
2.81,0.0,0.0,0.0,0.0,0.0,0.0,0.0,0.0,0.0,0.0,0.0,0.0
2.8125,0.0,0.0,0.0,0.0,0.0,0.0,0.0,0.0,0.0,0.0,0.0,0.0
2.815,0.0,0.0,0.0,0.0,0.0,0.0,0.0,0.0,0.0,0.0,0.0,0.0
2.8175,0.0,0.0,0.0,0.0,0.0,0.0,0.0,0.0,0.0,0.0,0.0,0.0
2.82,0.0,0.0,0.0,0.0,0.0,0.0,0.0,0.0,0.0,0.0,0.0,0.0
2.8225,0.0,0.0,0.0,0.0,0.0,0.0,0.0,0.0,0.0,0.0,0.0,0.0
2.825,0.0,0.0,0.0,0.0,0.0,0.0,0.0,0.0,0.0,0.0,0.0,0.0
2.8275,0.0,0.0,0.0,0.0,0.0,0.0,0.0,0.0,0.0,0.0,0.0,0.0
2.83,0.0,0.0,0.0,0.0,0.0,0.0,0.0,0.0,0.0,0.0,0.0,0.0
2.8325,0.0,0.0,0.0,0.0,0.0,0.0,0.0,0.0,0.0,0.0,0.0,0.0
2.835,0.0,0.0,0.0,0.0,0.0,0.0,0.0,0.0,0.0,0.0,0.0,0.0
2.8375,0.0,0.0,0.0,0.0,0.0,0.0,0.0,0.0,0.0,0.0,0.0,0.0
2.84,0.0,0.0,0.0,0.0,0.0,0.0,0.0,0.0,0.0,0.0,0.0,0.0
2.8425,0.0,0.0,0.0,0.0,0.0,0.0,0.0,0.0,0.0,0.0,0.0,0.0
2.845,0.0,0.0,0.0,0.0,0.0,0.0,0.0,0.0,0.0,0.0,0.0,0.0
2.8475,0.0,0.0,0.0,0.0,0.0,0.0,0.0,0.0,0.0,0.0,0.0,0.0
2.85,0.0,0.0,0.0,0.0,0.0,0.0,0.0,0.0,0.0,0.0,0.0,0.0
2.8525,0.0,0.0,0.0,0.0,0.0,0.0,0.0,0.0,0.0,0.0,0.0,0.0
2.855,0.0,0.0,0.0,0.0,0.0,0.0,0.0,0.0,0.0,0.0,0.0,0.0
2.8575,0.0,0.0,0.0,0.0,0.0,0.0,0.0,0.0,0.0,0.0,0.0,0.0
2.86,0.0,0.0,0.0,0.0,0.0,0.0,0.0,0.0,0.0,0.0,0.0,0.0
2.8625,0.0,0.0,0.0,0.0,0.0,0.0,0.0,0.0,0.0,0.0,0.0,0.0
2.865,0.0,0.0,0.0,0.0,0.0,0.0,0.0,0.0,0.0,0.0,0.0,0.0
2.8675,0.0,0.0,0.0,0.0,0.0,0.0,0.0,0.0,0.0,0.0,0.0,0.0
2.87,0.0,0.0,0.0,0.0,0.0,0.0,0.0,0.0,0.0,0.0,0.0,0.0
2.8725,0.0,0.0,0.0,0.0,0.0,0.0,0.0,0.0,0.0,0.0,0.0,0.0
2.875,0.0,0.0,0.0,0.0,0.0,0.0,0.0,0.0,0.0,0.0,0.0,0.0
2.8775,0.0,0.0,0.0,0.0,0.0,0.0,0.0,0.0,0.0,0.0,0.0,0.0
2.88,0.0,0.0,0.0,0.0,0.0,0.0,0.0,0.0,0.0,0.0,0.0,0.0
2.8825,0.0,0.0,0.0,0.0,0.0,0.0,0.0,0.0,0.0,0.0,0.0,0.0
2.885,0.0,0.0,0.0,0.0,0.0,0.0,0.0,0.0,0.0,0.0,0.0,0.0
2.8875,0.0,0.0,0.0,0.0,0.0,0.0,0.0,0.0,0.0,0.0,0.0,0.0
2.89,0.0,0.0,0.0,0.0,0.0,0.0,0.0,0.0,0.0,0.0,0.0,0.0
2.8925,0.0,0.0,0.0,0.0,0.0,0.0,0.0,0.0,0.0,0.0,0.0,0.0
2.895,0.0,0.0,0.0,0.0,0.0,0.0,0.0,0.0,0.0,0.0,0.0,0.0
2.8975,0.0,0.0,0.0,0.0,0.0,0.0,0.0,0.0,0.0,0.0,0.0,0.0
2.9,0.0,0.0,0.0,0.0,0.0,0.0,0.0,0.0,0.0,0.0,0.0,0.0
2.9025,0.0,0.0,0.0,0.0,0.0,0.0,0.0,0.0,0.0,0.0,0.0,0.0
2.905,0.0,0.0,0.0,0.0,0.0,0.0,0.0,0.0,0.0,0.0,0.0,0.0
2.9075,0.0,0.0,0.0,0.0,0.0,0.0,0.0,0.0,0.0,0.0,0.0,0.0
2.91,0.0,0.0,0.0,0.0,0.0,0.0,0.0,0.0,0.0,0.0,0.0,0.0
2.9125,0.0,0.0,0.0,0.0,0.0,0.0,0.0,0.0,0.0,0.0,0.0,0.0
2.915,0.0,0.0,0.0,0.0,0.0,0.0,0.0,0.0,0.0,0.0,0.0,0.0
2.9175,0.0,0.0,0.0,0.0,0.0,0.0,0.0,0.0,0.0,0.0,0.0,0.0
2.92,0.0,0.0,0.0,0.0,0.0,0.0,0.0,0.0,0.0,0.0,0.0,0.0
2.9225,0.0,0.0,0.0,0.0,0.0,0.0,0.0,0.0,0.0,0.0,0.0,0.0
2.925,0.0,0.0,0.0,0.0,0.0,0.0,0.0,0.0,0.0,0.0,0.0,0.0
2.9275,0.0,0.0,0.0,0.0,0.0,0.0,0.0,0.0,0.0,0.0,0.0,0.0
2.93,0.0,0.0,0.0,0.0,0.0,0.0,0.0,0.0,0.0,0.0,0.0,0.0
2.9325,0.0,0.0,0.0,0.0,0.0,0.0,0.0,0.0,0.0,0.0,0.0,0.0
2.935,0.0,0.0,0.0,0.0,0.0,0.0,0.0,0.0,0.0,0.0,0.0,0.0
2.9375,0.0,0.0,0.0,0.0,0.0,0.0,0.0,0.0,0.0,0.0,0.0,0.0
2.94,0.0,0.0,0.0,0.0,0.0,0.0,0.0,0.0,0.0,0.0,0.0,0.0
2.9425,0.0,0.0,0.0,0.0,0.0,0.0,0.0,0.0,0.0,0.0,0.0,0.0
2.945,0.0,0.0,0.0,0.0,0.0,0.0,0.0,0.0,0.0,0.0,0.0,0.0
2.9475,0.0,0.0,0.0,0.0,0.0,0.0,0.0,0.0,0.0,0.0,0.0,0.0
2.95,0.0,0.0,0.0,0.0,0.0,0.0,0.0,0.0,0.0,0.0,0.0,0.0
2.9525,0.0,0.0,0.0,0.0,0.0,0.0,0.0,0.0,0.0,0.0,0.0,0.0
2.955,0.0,0.0,0.0,0.0,0.0,0.0,0.0,0.0,0.0,0.0,0.0,0.0
2.9575,0.0,0.0,0.0,0.0,0.0,0.0,0.0,0.0,0.0,0.0,0.0,0.0
2.96,0.0,0.0,0.0,0.0,0.0,0.0,0.0,0.0,0.0,0.0,0.0,0.0
2.9625,0.0,0.0,0.0,0.0,0.0,0.0,0.0,0.0,0.0,0.0,0.0,0.0
2.965,0.0,0.0,0.0,0.0,0.0,0.0,0.0,0.0,0.0,0.0,0.0,0.0
2.9675,0.0,0.0,0.0,0.0,0.0,0.0,0.0,0.0,0.0,0.0,0.0,0.0
2.97,0.0,0.0,0.0,0.0,0.0,0.0,0.0,0.0,0.0,0.0,0.0,0.0
2.9725,0.0,0.0,0.0,0.0,0.0,0.0,0.0,0.0,0.0,0.0,0.0,0.0
2.975,0.0,0.0,0.0,0.0,0.0,0.0,0.0,0.0,0.0,0.0,0.0,0.0
2.9775,0.0,0.0,0.0,0.0,0.0,0.0,0.0,0.0,0.0,0.0,0.0,0.0
2.98,0.0,0.0,0.0,0.0,0.0,0.0,0.0,0.0,0.0,0.0,0.0,0.0
2.9825,0.0,0.0,0.0,0.0,0.0,0.0,0.0,0.0,0.0,0.0,0.0,0.0
2.985,0.0,0.0,0.0,0.0,0.0,0.0,0.0,0.0,0.0,0.0,0.0,0.0
2.9875,0.0,0.0,0.0,0.0,0.0,0.0,0.0,0.0,0.0,0.0,0.0,0.0
2.99,0.0,0.0,0.0,0.0,0.0,0.0,0.0,0.0,0.0,0.0,0.0,0.0
2.9925,0.0,0.0,0.0,0.0,0.0,0.0,0.0,0.0,0.0,0.0,0.0,0.0
2.995,0.0,0.0,0.0,0.0,0.0,0.0,0.0,0.0,0.0,0.0,0.0,0.0
2.9975,0.0,0.0,0.0,0.0,0.0,0.0,0.0,0.0,0.0,0.0,0.0,0.0
3.0,0.0,0.0,0.0,0.0,0.0,0.0,0.0,0.0,0.0,0.0,0.0,0.0
3.0025,0.0,0.0,0.0,0.0,0.0,0.0,0.0,0.0,0.0,0.0,0.0,0.0
3.005,0.0,0.0,0.0,0.0,0.0,0.0,0.0,0.0,0.0,0.0,0.0,0.0
3.0075,0.0,0.0,0.0,0.0,0.0,0.0,0.0,0.0,0.0,0.0,0.0,0.0
3.01,0.0,0.0,0.0,0.0,0.0,0.0,0.0,0.0,0.0,0.0,0.0,0.0
3.0125,0.0,0.0,0.0,0.0,0.0,0.0,0.0,0.0,0.0,0.0,0.0,0.0
3.015,0.0,0.0,0.0,0.0,0.0,0.0,0.0,0.0,0.0,0.0,0.0,0.0
3.0175,0.0,0.0,0.0,0.0,0.0,0.0,0.0,0.0,0.0,0.0,0.0,0.0
3.02,0.0,0.0,0.0,0.0,0.0,0.0,0.0,0.0,0.0,0.0,0.0,0.0
3.0225,0.0,0.0,0.0,0.0,0.0,0.0,0.0,0.0,0.0,0.0,0.0,0.0
3.025,0.0,0.0,0.0,0.0,0.0,0.0,0.0,0.0,0.0,0.0,0.0,0.0
3.0275,0.0,0.0,0.0,0.0,0.0,0.0,0.0,0.0,0.0,0.0,0.0,0.0
3.03,0.0,0.0,0.0,0.0,0.0,0.0,0.0,0.0,0.0,0.0,0.0,0.0
3.0325,0.0,0.0,0.0,0.0,0.0,0.0,0.0,0.0,0.0,0.0,0.0,0.0
3.035,0.0,0.0,0.0,0.0,0.0,0.0,0.0,0.0,0.0,0.0,0.0,0.0
3.0375,0.0,0.0,0.0,0.0,0.0,0.0,0.0,0.0,0.0,0.0,0.0,0.0
3.04,0.0,0.0,0.0,0.0,0.0,0.0,0.0,0.0,0.0,0.0,0.0,0.0
3.0425,0.0,0.0,0.0,0.0,0.0,0.0,0.0,0.0,0.0,0.0,0.0,0.0
3.045,0.0,0.0,0.0,0.0,0.0,0.0,0.0,0.0,0.0,0.0,0.0,0.0
3.0475,0.0,0.0,0.0,0.0,0.0,0.0,0.0,0.0,0.0,0.0,0.0,0.0
3.05,0.0,0.0,0.0,0.0,0.0,0.0,0.0,0.0,0.0,0.0,0.0,0.0
3.0525,0.0,0.0,0.0,0.0,0.0,0.0,0.0,0.0,0.0,0.0,0.0,0.0
3.055,0.0,0.0,0.0,0.0,0.0,0.0,0.0,0.0,0.0,0.0,0.0,0.0
3.0575,0.0,0.0,0.0,0.0,0.0,0.0,0.0,0.0,0.0,0.0,0.0,0.0
3.06,0.0,0.0,0.0,0.0,0.0,0.0,0.0,0.0,0.0,0.0,0.0,0.0
3.0625,0.0,0.0,0.0,0.0,0.0,0.0,0.0,0.0,0.0,0.0,0.0,0.0
3.065,0.0,0.0,0.0,0.0,0.0,0.0,0.0,0.0,0.0,0.0,0.0,0.0
3.0675,0.0,0.0,0.0,0.0,0.0,0.0,0.0,0.0,0.0,0.0,0.0,0.0
3.07,0.0,0.0,0.0,0.0,0.0,0.0,0.0,0.0,0.0,0.0,0.0,0.0
3.0725,0.0,0.0,0.0,0.0,0.0,0.0,0.0,0.0,0.0,0.0,0.0,0.0
3.075,0.0,0.0,0.0,0.0,0.0,0.0,0.0,0.0,0.0,0.0,0.0,0.0
3.0775,0.0,0.0,0.0,0.0,0.0,0.0,0.0,0.0,0.0,0.0,0.0,0.0
3.08,0.0,0.0,0.0,0.0,0.0,0.0,0.0,0.0,0.0,0.0,0.0,0.0
3.0825,0.0,0.0,0.0,0.0,0.0,0.0,0.0,0.0,0.0,0.0,0.0,0.0
3.085,0.0,0.0,0.0,0.0,0.0,0.0,0.0,0.0,0.0,0.0,0.0,0.0
3.0875,0.0,0.0,0.0,0.0,0.0,0.0,0.0,0.0,0.0,0.0,0.0,0.0
3.09,0.0,0.0,0.0,0.0,0.0,0.0,0.0,0.0,0.0,0.0,0.0,0.0
3.0925,0.0,0.0,0.0,0.0,0.0,0.0,0.0,0.0,0.0,0.0,0.0,0.0
3.095,0.0,0.0,0.0,0.0,0.0,0.0,0.0,0.0,0.0,0.0,0.0,0.0
3.0975,0.0,0.0,0.0,0.0,0.0,0.0,0.0,0.0,0.0,0.0,0.0,0.0
3.1,0.0,0.0,0.0,0.0,0.0,0.0,0.0,0.0,0.0,0.0,0.0,0.0
3.1025,0.0,0.0,0.0,0.0,0.0,0.0,0.0,0.0,0.0,0.0,0.0,0.0
3.105,0.0,0.0,0.0,0.0,0.0,0.0,0.0,0.0,0.0,0.0,0.0,0.0
3.1075,0.0,0.0,0.0,0.0,0.0,0.0,0.0,0.0,0.0,0.0,0.0,0.0
3.11,0.0,0.0,0.0,0.0,0.0,0.0,0.0,0.0,0.0,0.0,0.0,0.0
3.1125,0.0,0.0,0.0,0.0,0.0,0.0,0.0,0.0,0.0,0.0,0.0,0.0
3.115,0.0,0.0,0.0,0.0,0.0,0.0,0.0,0.0,0.0,0.0,0.0,0.0
3.1175,0.0,0.0,0.0,0.0,0.0,0.0,0.0,0.0,0.0,0.0,0.0,0.0
3.12,0.0,0.0,0.0,0.0,0.0,0.0,0.0,0.0,0.0,0.0,0.0,0.0
3.1225,0.0,0.0,0.0,0.0,0.0,0.0,0.0,0.0,0.0,0.0,0.0,0.0
3.125,0.0,0.0,0.0,0.0,0.0,0.0,0.0,0.0,0.0,0.0,0.0,0.0
3.1275,0.0,0.0,0.0,0.0,0.0,0.0,0.0,0.0,0.0,0.0,0.0,0.0
3.13,0.0,0.0,0.0,0.0,0.0,0.0,0.0,0.0,0.0,0.0,0.0,0.0
3.1325,0.0,0.0,0.0,0.0,0.0,0.0,0.0,0.0,0.0,0.0,0.0,0.0
3.135,0.0,0.0,0.0,0.0,0.0,0.0,0.0,0.0,0.0,0.0,0.0,0.0
3.1375,0.0,0.0,0.0,0.0,0.0,0.0,0.0,0.0,0.0,0.0,0.0,0.0
3.14,0.0,0.0,0.0,0.0,0.0,0.0,0.0,0.0,0.0,0.0,0.0,0.0
3.1425,0.0,0.0,0.0,0.0,0.0,0.0,0.0,0.0,0.0,0.0,0.0,0.0
3.145,0.0,0.0,0.0,0.0,0.0,0.0,0.0,0.0,0.0,0.0,0.0,0.0
3.1475,0.0,0.0,0.0,0.0,0.0,0.0,0.0,0.0,0.0,0.0,0.0,0.0
3.15,0.0,0.0,0.0,0.0,0.0,0.0,0.0,0.0,0.0,0.0,0.0,0.0
3.1525,0.0,0.0,0.0,0.0,0.0,0.0,0.0,0.0,0.0,0.0,0.0,0.0
3.155,0.0,0.0,0.0,0.0,0.0,0.0,0.0,0.0,0.0,0.0,0.0,0.0
3.1575,0.0,0.0,0.0,0.0,0.0,0.0,0.0,0.0,0.0,0.0,0.0,0.0
3.16,0.0,0.0,0.0,0.0,0.0,0.0,0.0,0.0,0.0,0.0,0.0,0.0
3.1625,0.0,0.0,0.0,0.0,0.0,0.0,0.0,0.0,0.0,0.0,0.0,0.0
3.165,0.0,0.0,0.0,0.0,0.0,0.0,0.0,0.0,0.0,0.0,0.0,0.0
3.1675,0.0,0.0,0.0,0.0,0.0,0.0,0.0,0.0,0.0,0.0,0.0,0.0
3.17,0.0,0.0,0.0,0.0,0.0,0.0,0.0,0.0,0.0,0.0,0.0,0.0
3.1725,0.0,0.0,0.0,0.0,0.0,0.0,0.0,0.0,0.0,0.0,0.0,0.0
3.175,0.0,0.0,0.0,0.0,0.0,0.0,0.0,0.0,0.0,0.0,0.0,0.0
3.1775,0.0,0.0,0.0,0.0,0.0,0.0,0.0,0.0,0.0,0.0,0.0,0.0
3.18,0.0,0.0,0.0,0.0,0.0,0.0,0.0,0.0,0.0,0.0,0.0,0.0
3.1825,0.0,0.0,0.0,0.0,0.0,0.0,0.0,0.0,0.0,0.0,0.0,0.0
3.185,0.0,0.0,0.0,0.0,0.0,0.0,0.0,0.0,0.0,0.0,0.0,0.0
3.1875,0.0,0.0,0.0,0.0,0.0,0.0,0.0,0.0,0.0,0.0,0.0,0.0
3.19,0.0,0.0,0.0,0.0,0.0,0.0,0.0,0.0,0.0,0.0,0.0,0.0
3.1925,0.0,0.0,0.0,0.0,0.0,0.0,0.0,0.0,0.0,0.0,0.0,0.0
3.195,0.0,0.0,0.0,0.0,0.0,0.0,0.0,0.0,0.0,0.0,0.0,0.0
3.1975,0.0,0.0,0.0,0.0,0.0,0.0,0.0,0.0,0.0,0.0,0.0,0.0
3.2,0.0,0.0,0.0,0.0,0.0,0.0,0.0,0.0,0.0,0.0,0.0,0.0
3.2025,0.0,0.0,0.0,0.0,0.0,0.0,0.0,0.0,0.0,0.0,0.0,0.0
3.205,0.0,0.0,0.0,0.0,0.0,0.0,0.0,0.0,0.0,0.0,0.0,0.0
3.2075,0.0,0.0,0.0,0.0,0.0,0.0,0.0,0.0,0.0,0.0,0.0,0.0
3.21,0.0,0.0,0.0,0.0,0.0,0.0,0.0,0.0,0.0,0.0,0.0,0.0
3.2125,0.0,0.0,0.0,0.0,0.0,0.0,0.0,0.0,0.0,0.0,0.0,0.0
3.215,0.0,0.0,0.0,0.0,0.0,0.0,0.0,0.0,0.0,0.0,0.0,0.0
3.2175,0.0,0.0,0.0,0.0,0.0,0.0,0.0,0.0,0.0,0.0,0.0,0.0
3.22,0.0,0.0,0.0,0.0,0.0,0.0,0.0,0.0,0.0,0.0,0.0,0.0
3.2225,0.0,0.0,0.0,0.0,0.0,0.0,0.0,0.0,0.0,0.0,0.0,0.0
3.225,0.0,0.0,0.0,0.0,0.0,0.0,0.0,0.0,0.0,0.0,0.0,0.0
3.2275,0.0,0.0,0.0,0.0,0.0,0.0,0.0,0.0,0.0,0.0,0.0,0.0
3.23,0.0,0.0,0.0,0.0,0.0,0.0,0.0,0.0,0.0,0.0,0.0,0.0
3.2325,0.0,0.0,0.0,0.0,0.0,0.0,0.0,0.0,0.0,0.0,0.0,0.0
3.235,0.0,0.0,0.0,0.0,0.0,0.0,0.0,0.0,0.0,0.0,0.0,0.0
3.2375,0.0,0.0,0.0,0.0,0.0,0.0,0.0,0.0,0.0,0.0,0.0,0.0
3.24,0.0,0.0,0.0,0.0,0.0,0.0,0.0,0.0,0.0,0.0,0.0,0.0
3.2425,0.0,0.0,0.0,0.0,0.0,0.0,0.0,0.0,0.0,0.0,0.0,0.0
3.245,0.0,0.0,0.0,0.0,0.0,0.0,0.0,0.0,0.0,0.0,0.0,0.0
3.2475,0.0,0.0,0.0,0.0,0.0,0.0,0.0,0.0,0.0,0.0,0.0,0.0
3.25,0.0,0.0,0.0,0.0,0.0,0.0,0.0,0.0,0.0,0.0,0.0,0.0
3.2525,0.0,0.0,0.0,0.0,0.0,0.0,0.0,0.0,0.0,0.0,0.0,0.0
3.255,0.0,0.0,0.0,0.0,0.0,0.0,0.0,0.0,0.0,0.0,0.0,0.0
3.2575,0.0,0.0,0.0,0.0,0.0,0.0,0.0,0.0,0.0,0.0,0.0,0.0
3.26,0.0,0.0,0.0,0.0,0.0,0.0,0.0,0.0,0.0,0.0,0.0,0.0
3.2625,0.0,0.0,0.0,0.0,0.0,0.0,0.0,0.0,0.0,0.0,0.0,0.0
3.265,0.0,0.0,0.0,0.0,0.0,0.0,0.0,0.0,0.0,0.0,0.0,0.0
3.2675,0.0,0.0,0.0,0.0,0.0,0.0,0.0,0.0,0.0,0.0,0.0,0.0
3.27,0.0,0.0,0.0,0.0,0.0,0.0,0.0,0.0,0.0,0.0,0.0,0.0
3.2725,0.0,0.0,0.0,0.0,0.0,0.0,0.0,0.0,0.0,0.0,0.0,0.0
3.275,0.0,0.0,0.0,0.0,0.0,0.0,0.0,0.0,0.0,0.0,0.0,0.0
3.2775,0.0,0.0,0.0,0.0,0.0,0.0,0.0,0.0,0.0,0.0,0.0,0.0
3.28,0.0,0.0,0.0,0.0,0.0,0.0,0.0,0.0,0.0,0.0,0.0,0.0
3.2825,0.0,0.0,0.0,0.0,0.0,0.0,0.0,0.0,0.0,0.0,0.0,0.0
3.285,0.0,0.0,0.0,0.0,0.0,0.0,0.0,0.0,0.0,0.0,0.0,0.0
3.2875,0.0,0.0,0.0,0.0,0.0,0.0,0.0,0.0,0.0,0.0,0.0,0.0
3.29,0.0,0.0,0.0,0.0,0.0,0.0,0.0,0.0,0.0,0.0,0.0,0.0
3.2925,0.0,0.0,0.0,0.0,0.0,0.0,0.0,0.0,0.0,0.0,0.0,0.0
3.295,0.0,0.0,0.0,0.0,0.0,0.0,0.0,0.0,0.0,0.0,0.0,0.0
3.2975,0.0,0.0,0.0,0.0,0.0,0.0,0.0,0.0,0.0,0.0,0.0,0.0
3.3,0.0,0.0,0.0,0.0,0.0,0.0,0.0,0.0,0.0,0.0,0.0,0.0
3.3025,0.0,0.0,0.0,0.0,0.0,0.0,0.0,0.0,0.0,0.0,0.0,0.0
3.305,0.0,0.0,0.0,0.0,0.0,0.0,0.0,0.0,0.0,0.0,0.0,0.0
3.3075,0.0,0.0,0.0,0.0,0.0,0.0,0.0,0.0,0.0,0.0,0.0,0.0
3.31,0.0,0.0,0.0,0.0,0.0,0.0,0.0,0.0,0.0,0.0,0.0,0.0
3.3125,0.0,0.0,0.0,0.0,0.0,0.0,0.0,0.0,0.0,0.0,0.0,0.0
3.315,0.0,0.0,0.0,0.0,0.0,0.0,0.0,0.0,0.0,0.0,0.0,0.0
3.3175,0.0,0.0,0.0,0.0,0.0,0.0,0.0,0.0,0.0,0.0,0.0,0.0
3.32,0.0,0.0,0.0,0.0,0.0,0.0,0.0,0.0,0.0,0.0,0.0,0.0
3.3225,0.0,0.0,0.0,0.0,0.0,0.0,0.0,0.0,0.0,0.0,0.0,0.0
3.325,0.0,0.0,0.0,0.0,0.0,0.0,0.0,0.0,0.0,0.0,0.0,0.0
3.3275,0.0,0.0,0.0,0.0,0.0,0.0,0.0,0.0,0.0,0.0,0.0,0.0
3.33,0.0,0.0,0.0,0.0,0.0,0.0,0.0,0.0,0.0,0.0,0.0,0.0
3.3325,0.0,0.0,0.0,0.0,0.0,0.0,0.0,0.0,0.0,0.0,0.0,0.0
3.335,0.0,0.0,0.0,0.0,0.0,0.0,0.0,0.0,0.0,0.0,0.0,0.0
3.3375,0.0,0.0,0.0,0.0,0.0,0.0,0.0,0.0,0.0,0.0,0.0,0.0
3.34,0.0,0.0,0.0,0.0,0.0,0.0,0.0,0.0,0.0,0.0,0.0,0.0
3.3425,0.0,0.0,0.0,0.0,0.0,0.0,0.0,0.0,0.0,0.0,0.0,0.0
3.345,0.0,0.0,0.0,0.0,0.0,0.0,0.0,0.0,0.0,0.0,0.0,0.0
3.3475,0.0,0.0,0.0,0.0,0.0,0.0,0.0,0.0,0.0,0.0,0.0,0.0
3.35,0.0,0.0,0.0,0.0,0.0,0.0,0.0,0.0,0.0,0.0,0.0,0.0
3.3525,0.0,0.0,0.0,0.0,0.0,0.0,0.0,0.0,0.0,0.0,0.0,0.0
3.355,0.0,0.0,0.0,0.0,0.0,0.0,0.0,0.0,0.0,0.0,0.0,0.0
3.3575,0.0,0.0,0.0,0.0,0.0,0.0,0.0,0.0,0.0,0.0,0.0,0.0
3.36,0.0,0.0,0.0,0.0,0.0,0.0,0.0,0.0,0.0,0.0,0.0,0.0
3.3625,0.0,0.0,0.0,0.0,0.0,0.0,0.0,0.0,0.0,0.0,0.0,0.0
3.365,0.0,0.0,0.0,0.0,0.0,0.0,0.0,0.0,0.0,0.0,0.0,0.0
3.3675,0.0,0.0,0.0,0.0,0.0,0.0,0.0,0.0,0.0,0.0,0.0,0.0
3.37,0.0,0.0,0.0,0.0,0.0,0.0,0.0,0.0,0.0,0.0,0.0,0.0
3.3725,0.0,0.0,0.0,0.0,0.0,0.0,0.0,0.0,0.0,0.0,0.0,0.0
3.375,0.0,0.0,0.0,0.0,0.0,0.0,0.0,0.0,0.0,0.0,0.0,0.0
3.3775,0.0,0.0,0.0,0.0,0.0,0.0,0.0,0.0,0.0,0.0,0.0,0.0
3.38,0.0,0.0,0.0,0.0,0.0,0.0,0.0,0.0,0.0,0.0,0.0,0.0
3.3825,0.0,0.0,0.0,0.0,0.0,0.0,0.0,0.0,0.0,0.0,0.0,0.0
3.385,0.0,0.0,0.0,0.0,0.0,0.0,0.0,0.0,0.0,0.0,0.0,0.0
3.3875,0.0,0.0,0.0,0.0,0.0,0.0,0.0,0.0,0.0,0.0,0.0,0.0
3.39,0.0,0.0,0.0,0.0,0.0,0.0,0.0,0.0,0.0,0.0,0.0,0.0
3.3925,0.0,0.0,0.0,0.0,0.0,0.0,0.0,0.0,0.0,0.0,0.0,0.0
3.395,0.0,0.0,0.0,0.0,0.0,0.0,0.0,0.0,0.0,0.0,0.0,0.0
3.3975,0.0,0.0,0.0,0.0,0.0,0.0,0.0,0.0,0.0,0.0,0.0,0.0
3.4,0.0,0.0,0.0,0.0,0.0,0.0,0.0,0.0,0.0,0.0,0.0,0.0
3.4025,0.0,0.0,0.0,0.0,0.0,0.0,0.0,0.0,0.0,0.0,0.0,0.0
3.405,0.0,0.0,0.0,0.0,0.0,0.0,0.0,0.0,0.0,0.0,0.0,0.0
3.4075,0.0,0.0,0.0,0.0,0.0,0.0,0.0,0.0,0.0,0.0,0.0,0.0
3.41,0.0,0.0,0.0,0.0,0.0,0.0,0.0,0.0,0.0,0.0,0.0,0.0
3.4125,0.0,0.0,0.0,0.0,0.0,0.0,0.0,0.0,0.0,0.0,0.0,0.0
3.415,0.0,0.0,0.0,0.0,0.0,0.0,0.0,0.0,0.0,0.0,0.0,0.0
3.4175,0.0,0.0,0.0,0.0,0.0,0.0,0.0,0.0,0.0,0.0,0.0,0.0
3.42,0.0,0.0,0.0,0.0,0.0,0.0,0.0,0.0,0.0,0.0,0.0,0.0
3.4225,0.0,0.0,0.0,0.0,0.0,0.0,0.0,0.0,0.0,0.0,0.0,0.0
3.425,0.0,0.0,0.0,0.0,0.0,0.0,0.0,0.0,0.0,0.0,0.0,0.0
3.4275,0.0,0.0,0.0,0.0,0.0,0.0,0.0,0.0,0.0,0.0,0.0,0.0
3.43,0.0,0.0,0.0,0.0,0.0,0.0,0.0,0.0,0.0,0.0,0.0,0.0
3.4325,0.0,0.0,0.0,0.0,0.0,0.0,0.0,0.0,0.0,0.0,0.0,0.0
3.435,0.0,0.0,0.0,0.0,0.0,0.0,0.0,0.0,0.0,0.0,0.0,0.0
3.4375,0.0,0.0,0.0,0.0,0.0,0.0,0.0,0.0,0.0,0.0,0.0,0.0
3.44,0.0,0.0,0.0,0.0,0.0,0.0,0.0,0.0,0.0,0.0,0.0,0.0
3.4425,0.0,0.0,0.0,0.0,0.0,0.0,0.0,0.0,0.0,0.0,0.0,0.0
3.445,0.0,0.0,0.0,0.0,0.0,0.0,0.0,0.0,0.0,0.0,0.0,0.0
3.4475,0.0,0.0,0.0,0.0,0.0,0.0,0.0,0.0,0.0,0.0,0.0,0.0
3.45,0.0,0.0,0.0,0.0,0.0,0.0,0.0,0.0,0.0,0.0,0.0,0.0
3.4525,0.0,0.0,0.0,0.0,0.0,0.0,0.0,0.0,0.0,0.0,0.0,0.0
3.455,0.0,0.0,0.0,0.0,0.0,0.0,0.0,0.0,0.0,0.0,0.0,0.0
3.4575,0.0,0.0,0.0,0.0,0.0,0.0,0.0,0.0,0.0,0.0,0.0,0.0
3.46,0.0,0.0,0.0,0.0,0.0,0.0,0.0,0.0,0.0,0.0,0.0,0.0
3.4625,0.0,0.0,0.0,0.0,0.0,0.0,0.0,0.0,0.0,0.0,0.0,0.0
3.465,0.0,0.0,0.0,0.0,0.0,0.0,0.0,0.0,0.0,0.0,0.0,0.0
3.4675,0.0,0.0,0.0,0.0,0.0,0.0,0.0,0.0,0.0,0.0,0.0,0.0
3.47,0.0,0.0,0.0,0.0,0.0,0.0,0.0,0.0,0.0,0.0,0.0,0.0
3.4725,0.0,0.0,0.0,0.0,0.0,0.0,0.0,0.0,0.0,0.0,0.0,0.0
3.475,0.0,0.0,0.0,0.0,0.0,0.0,0.0,0.0,0.0,0.0,0.0,0.0
3.4775,0.0,0.0,0.0,0.0,0.0,0.0,0.0,0.0,0.0,0.0,0.0,0.0
3.48,0.0,0.0,0.0,0.0,0.0,0.0,0.0,0.0,0.0,0.0,0.0,0.0
3.4825,0.0,0.0,0.0,0.0,0.0,0.0,0.0,0.0,0.0,0.0,0.0,0.0
3.485,0.0,0.0,0.0,0.0,0.0,0.0,0.0,0.0,0.0,0.0,0.0,0.0
3.4875,0.0,0.0,0.0,0.0,0.0,0.0,0.0,0.0,0.0,0.0,0.0,0.0
3.49,0.0,0.0,0.0,0.0,0.0,0.0,0.0,0.0,0.0,0.0,0.0,0.0
3.4925,0.0,0.0,0.0,0.0,0.0,0.0,0.0,0.0,0.0,0.0,0.0,0.0
3.495,0.0,0.0,0.0,0.0,0.0,0.0,0.0,0.0,0.0,0.0,0.0,0.0
3.4975,0.0,0.0,0.0,0.0,0.0,0.0,0.0,0.0,0.0,0.0,0.0,0.0
3.5,0.0,0.0,0.0,0.0,0.0,0.0,0.0,0.0,0.0,0.0,0.0,0.0
3.5025,0.0,0.0,0.0,0.0,0.0,0.0,0.0,0.0,0.0,0.0,0.0,0.0
3.505,0.0,0.0,0.0,0.0,0.0,0.0,0.0,0.0,0.0,0.0,0.0,0.0
3.5075,0.0,0.0,0.0,0.0,0.0,0.0,0.0,0.0,0.0,0.0,0.0,0.0
3.51,0.0,0.0,0.0,0.0,0.0,0.0,0.0,0.0,0.0,0.0,0.0,0.0
3.5125,0.0,0.0,0.0,0.0,0.0,0.0,0.0,0.0,0.0,0.0,0.0,0.0
3.515,0.0,0.0,0.0,0.0,0.0,0.0,0.0,0.0,0.0,0.0,0.0,0.0
3.5175,0.0,0.0,0.0,0.0,0.0,0.0,0.0,0.0,0.0,0.0,0.0,0.0
3.52,0.0,0.0,0.0,0.0,0.0,0.0,0.0,0.0,0.0,0.0,0.0,0.0
3.5225,0.0,0.0,0.0,0.0,0.0,0.0,0.0,0.0,0.0,0.0,0.0,0.0
3.525,0.0,0.0,0.0,0.0,0.0,0.0,0.0,0.0,0.0,0.0,0.0,0.0
3.5275,0.0,0.0,0.0,0.0,0.0,0.0,0.0,0.0,0.0,0.0,0.0,0.0
3.53,0.0,0.0,0.0,0.0,0.0,0.0,0.0,0.0,0.0,0.0,0.0,0.0
3.5325,0.0,0.0,0.0,0.0,0.0,0.0,0.0,0.0,0.0,0.0,0.0,0.0
3.535,0.0,0.0,0.0,0.0,0.0,0.0,0.0,0.0,0.0,0.0,0.0,0.0
3.5375,0.0,0.0,0.0,0.0,0.0,0.0,0.0,0.0,0.0,0.0,0.0,0.0
3.54,0.0,0.0,0.0,0.0,0.0,0.0,0.0,0.0,0.0,0.0,0.0,0.0
3.5425,0.0,0.0,0.0,0.0,0.0,0.0,0.0,0.0,0.0,0.0,0.0,0.0
3.545,0.0,0.0,0.0,0.0,0.0,0.0,0.0,0.0,0.0,0.0,0.0,0.0
3.5475,0.0,0.0,0.0,0.0,0.0,0.0,0.0,0.0,0.0,0.0,0.0,0.0
3.55,0.0,0.0,0.0,0.0,0.0,0.0,0.0,0.0,0.0,0.0,0.0,0.0
3.5525,0.0,0.0,0.0,0.0,0.0,0.0,0.0,0.0,0.0,0.0,0.0,0.0
3.555,0.0,0.0,0.0,0.0,0.0,0.0,0.0,0.0,0.0,0.0,0.0,0.0
3.5575,0.0,0.0,0.0,0.0,0.0,0.0,0.0,0.0,0.0,0.0,0.0,0.0
3.56,0.0,0.0,0.0,0.0,0.0,0.0,0.0,0.0,0.0,0.0,0.0,0.0
3.5625,0.0,0.0,0.0,0.0,0.0,0.0,0.0,0.0,0.0,0.0,0.0,0.0
3.565,0.0,0.0,0.0,0.0,0.0,0.0,0.0,0.0,0.0,0.0,0.0,0.0
3.5675,0.0,0.0,0.0,0.0,0.0,0.0,0.0,0.0,0.0,0.0,0.0,0.0
3.57,0.0,0.0,0.0,0.0,0.0,0.0,0.0,0.0,0.0,0.0,0.0,0.0
3.5725,0.0,0.0,0.0,0.0,0.0,0.0,0.0,0.0,0.0,0.0,0.0,0.0
3.575,0.0,0.0,0.0,0.0,0.0,0.0,0.0,0.0,0.0,0.0,0.0,0.0
3.5775,0.0,0.0,0.0,0.0,0.0,0.0,0.0,0.0,0.0,0.0,0.0,0.0
3.58,0.0,0.0,0.0,0.0,0.0,0.0,0.0,0.0,0.0,0.0,0.0,0.0
3.5825,0.0,0.0,0.0,0.0,0.0,0.0,0.0,0.0,0.0,0.0,0.0,0.0
3.585,0.0,0.0,0.0,0.0,0.0,0.0,0.0,0.0,0.0,0.0,0.0,0.0
3.5875,0.0,0.0,0.0,0.0,0.0,0.0,0.0,0.0,0.0,0.0,0.0,0.0
3.59,0.0,0.0,0.0,0.0,0.0,0.0,0.0,0.0,0.0,0.0,0.0,0.0
3.5925,0.0,0.0,0.0,0.0,0.0,0.0,0.0,0.0,0.0,0.0,0.0,0.0
3.595,0.0,0.0,0.0,0.0,0.0,0.0,0.0,0.0,0.0,0.0,0.0,0.0
3.5975,0.0,0.0,0.0,0.0,0.0,0.0,0.0,0.0,0.0,0.0,0.0,0.0
3.6,0.0,0.0,0.0,0.0,0.0,0.0,0.0,0.0,0.0,0.0,0.0,0.0
3.6025,0.0,0.0,0.0,0.0,0.0,0.0,0.0,0.0,0.0,0.0,0.0,0.0
3.605,0.0,0.0,0.0,0.0,0.0,0.0,0.0,0.0,0.0,0.0,0.0,0.0
3.6075,0.0,0.0,0.0,0.0,0.0,0.0,0.0,0.0,0.0,0.0,0.0,0.0
3.61,0.0,0.0,0.0,0.0,0.0,0.0,0.0,0.0,0.0,0.0,0.0,0.0
3.6125,0.0,0.0,0.0,0.0,0.0,0.0,0.0,0.0,0.0,0.0,0.0,0.0
3.615,0.0,0.0,0.0,0.0,0.0,0.0,0.0,0.0,0.0,0.0,0.0,0.0
3.6175,0.0,0.0,0.0,0.0,0.0,0.0,0.0,0.0,0.0,0.0,0.0,0.0
3.62,0.0,0.0,0.0,0.0,0.0,0.0,0.0,0.0,0.0,0.0,0.0,0.0
3.6225,0.0,0.0,0.0,0.0,0.0,0.0,0.0,0.0,0.0,0.0,0.0,0.0
3.625,0.0,0.0,0.0,0.0,0.0,0.0,0.0,0.0,0.0,0.0,0.0,0.0
3.6275,0.0,0.0,0.0,0.0,0.0,0.0,0.0,0.0,0.0,0.0,0.0,0.0
3.63,0.0,0.0,0.0,0.0,0.0,0.0,0.0,0.0,0.0,0.0,0.0,0.0
3.6325,0.0,0.0,0.0,0.0,0.0,0.0,0.0,0.0,0.0,0.0,0.0,0.0
3.635,0.0,0.0,0.0,0.0,0.0,0.0,0.0,0.0,0.0,0.0,0.0,0.0
3.6375,0.0,0.0,0.0,0.0,0.0,0.0,0.0,0.0,0.0,0.0,0.0,0.0
3.64,0.0,0.0,0.0,0.0,0.0,0.0,0.0,0.0,0.0,0.0,0.0,0.0
3.6425,0.0,0.0,0.0,0.0,0.0,0.0,0.0,0.0,0.0,0.0,0.0,0.0
3.645,0.0,0.0,0.0,0.0,0.0,0.0,0.0,0.0,0.0,0.0,0.0,0.0
3.6475,0.0,0.0,0.0,0.0,0.0,0.0,0.0,0.0,0.0,0.0,0.0,0.0
3.65,0.0,0.0,0.0,0.0,0.0,0.0,0.0,0.0,0.0,0.0,0.0,0.0
3.6525,0.0,0.0,0.0,0.0,0.0,0.0,0.0,0.0,0.0,0.0,0.0,0.0
3.655,0.0,0.0,0.0,0.0,0.0,0.0,0.0,0.0,0.0,0.0,0.0,0.0
3.6575,0.0,0.0,0.0,0.0,0.0,0.0,0.0,0.0,0.0,0.0,0.0,0.0
3.66,0.0,0.0,0.0,0.0,0.0,0.0,0.0,0.0,0.0,0.0,0.0,0.0
3.6625,0.0,0.0,0.0,0.0,0.0,0.0,0.0,0.0,0.0,0.0,0.0,0.0
3.665,0.0,0.0,0.0,0.0,0.0,0.0,0.0,0.0,0.0,0.0,0.0,0.0
3.6675,0.0,0.0,0.0,0.0,0.0,0.0,0.0,0.0,0.0,0.0,0.0,0.0
3.67,0.0,0.0,0.0,0.0,0.0,0.0,0.0,0.0,0.0,0.0,0.0,0.0
3.6725,0.0,0.0,0.0,0.0,0.0,0.0,0.0,0.0,0.0,0.0,0.0,0.0
3.675,0.0,0.0,0.0,0.0,0.0,0.0,0.0,0.0,0.0,0.0,0.0,0.0
3.6775,0.0,0.0,0.0,0.0,0.0,0.0,0.0,0.0,0.0,0.0,0.0,0.0
3.68,0.0,0.0,0.0,0.0,0.0,0.0,0.0,0.0,0.0,0.0,0.0,0.0
3.6825,0.0,0.0,0.0,0.0,0.0,0.0,0.0,0.0,0.0,0.0,0.0,0.0
3.685,0.0,0.0,0.0,0.0,0.0,0.0,0.0,0.0,0.0,0.0,0.0,0.0
3.6875,0.0,0.0,0.0,0.0,0.0,0.0,0.0,0.0,0.0,0.0,0.0,0.0
3.69,0.0,0.0,0.0,0.0,0.0,0.0,0.0,0.0,0.0,0.0,0.0,0.0
3.6925,0.0,0.0,0.0,0.0,0.0,0.0,0.0,0.0,0.0,0.0,0.0,0.0
3.695,0.0,0.0,0.0,0.0,0.0,0.0,0.0,0.0,0.0,0.0,0.0,0.0
3.6975,0.0,0.0,0.0,0.0,0.0,0.0,0.0,0.0,0.0,0.0,0.0,0.0
3.7,0.0,0.0,0.0,0.0,0.0,0.0,0.0,0.0,0.0,0.0,0.0,0.0
3.7025,0.0,0.0,0.0,0.0,0.0,0.0,0.0,0.0,0.0,0.0,0.0,0.0
3.705,0.0,0.0,0.0,0.0,0.0,0.0,0.0,0.0,0.0,0.0,0.0,0.0
3.7075,0.0,0.0,0.0,0.0,0.0,0.0,0.0,0.0,0.0,0.0,0.0,0.0
3.71,0.0,0.0,0.0,0.0,0.0,0.0,0.0,0.0,0.0,0.0,0.0,0.0
3.7125,0.0,0.0,0.0,0.0,0.0,0.0,0.0,0.0,0.0,0.0,0.0,0.0
3.715,0.0,0.0,0.0,0.0,0.0,0.0,0.0,0.0,0.0,0.0,0.0,0.0
3.7175,0.0,0.0,0.0,0.0,0.0,0.0,0.0,0.0,0.0,0.0,0.0,0.0
3.72,0.0,0.0,0.0,0.0,0.0,0.0,0.0,0.0,0.0,0.0,0.0,0.0
3.7225,0.0,0.0,0.0,0.0,0.0,0.0,0.0,0.0,0.0,0.0,0.0,0.0
3.725,0.0,0.0,0.0,0.0,0.0,0.0,0.0,0.0,0.0,0.0,0.0,0.0
3.7275,0.0,0.0,0.0,0.0,0.0,0.0,0.0,0.0,0.0,0.0,0.0,0.0
3.73,0.0,0.0,0.0,0.0,0.0,0.0,0.0,0.0,0.0,0.0,0.0,0.0
3.7325,0.0,0.0,0.0,0.0,0.0,0.0,0.0,0.0,0.0,0.0,0.0,0.0
3.735,0.0,0.0,0.0,0.0,0.0,0.0,0.0,0.0,0.0,0.0,0.0,0.0
3.7375,0.0,0.0,0.0,0.0,0.0,0.0,0.0,0.0,0.0,0.0,0.0,0.0
3.74,0.0,0.0,0.0,0.0,0.0,0.0,0.0,0.0,0.0,0.0,0.0,0.0
3.7425,0.0,0.0,0.0,0.0,0.0,0.0,0.0,0.0,0.0,0.0,0.0,0.0
3.745,0.0,0.0,0.0,0.0,0.0,0.0,0.0,0.0,0.0,0.0,0.0,0.0
3.7475,0.0,0.0,0.0,0.0,0.0,0.0,0.0,0.0,0.0,0.0,0.0,0.0
3.75,0.0,0.0,0.0,0.0,0.0,0.0,0.0,0.0,0.0,0.0,0.0,0.0
3.7525,0.0,0.0,0.0,0.0,0.0,0.0,0.0,0.0,0.0,0.0,0.0,0.0
3.755,0.0,0.0,0.0,0.0,0.0,0.0,0.0,0.0,0.0,0.0,0.0,0.0
3.7575,0.0,0.0,0.0,0.0,0.0,0.0,0.0,0.0,0.0,0.0,0.0,0.0
3.76,0.0,0.0,0.0,0.0,0.0,0.0,0.0,0.0,0.0,0.0,0.0,0.0
3.7625,0.0,0.0,0.0,0.0,0.0,0.0,0.0,0.0,0.0,0.0,0.0,0.0
3.765,0.0,0.0,0.0,0.0,0.0,0.0,0.0,0.0,0.0,0.0,0.0,0.0
3.7675,0.0,0.0,0.0,0.0,0.0,0.0,0.0,0.0,0.0,0.0,0.0,0.0
3.77,0.0,0.0,0.0,0.0,0.0,0.0,0.0,0.0,0.0,0.0,0.0,0.0
3.7725,0.0,0.0,0.0,0.0,0.0,0.0,0.0,0.0,0.0,0.0,0.0,0.0
3.775,0.0,0.0,0.0,0.0,0.0,0.0,0.0,0.0,0.0,0.0,0.0,0.0
3.7775,0.0,0.0,0.0,0.0,0.0,0.0,0.0,0.0,0.0,0.0,0.0,0.0
3.78,0.0,0.0,0.0,0.0,0.0,0.0,0.0,0.0,0.0,0.0,0.0,0.0
3.7825,0.0,0.0,0.0,0.0,0.0,0.0,0.0,0.0,0.0,0.0,0.0,0.0
3.785,0.0,0.0,0.0,0.0,0.0,0.0,0.0,0.0,0.0,0.0,0.0,0.0
3.7875,0.0,0.0,0.0,0.0,0.0,0.0,0.0,0.0,0.0,0.0,0.0,0.0
3.79,0.0,0.0,0.0,0.0,0.0,0.0,0.0,0.0,0.0,0.0,0.0,0.0
3.7925,0.0,0.0,0.0,0.0,0.0,0.0,0.0,0.0,0.0,0.0,0.0,0.0
3.795,0.0,0.0,0.0,0.0,0.0,0.0,0.0,0.0,0.0,0.0,0.0,0.0
3.7975,0.0,0.0,0.0,0.0,0.0,0.0,0.0,0.0,0.0,0.0,0.0,0.0
3.8,0.0,0.0,0.0,0.0,0.0,0.0,0.0,0.0,0.0,0.0,0.0,0.0
3.8025,0.0,0.0,0.0,0.0,0.0,0.0,0.0,0.0,0.0,0.0,0.0,0.0
3.805,0.0,0.0,0.0,0.0,0.0,0.0,0.0,0.0,0.0,0.0,0.0,0.0
3.8075,0.0,0.0,0.0,0.0,0.0,0.0,0.0,0.0,0.0,0.0,0.0,0.0
3.81,0.0,0.0,0.0,0.0,0.0,0.0,0.0,0.0,0.0,0.0,0.0,0.0
3.8125,0.0,0.0,0.0,0.0,0.0,0.0,0.0,0.0,0.0,0.0,0.0,0.0
3.815,0.0,0.0,0.0,0.0,0.0,0.0,0.0,0.0,0.0,0.0,0.0,0.0
3.8175,0.0,0.0,0.0,0.0,0.0,0.0,0.0,0.0,0.0,0.0,0.0,0.0
3.82,0.0,0.0,0.0,0.0,0.0,0.0,0.0,0.0,0.0,0.0,0.0,0.0
3.8225,0.0,0.0,0.0,0.0,0.0,0.0,0.0,0.0,0.0,0.0,0.0,0.0
3.825,0.0,0.0,0.0,0.0,0.0,0.0,0.0,0.0,0.0,0.0,0.0,0.0
3.8275,0.0,0.0,0.0,0.0,0.0,0.0,0.0,0.0,0.0,0.0,0.0,0.0
3.83,0.0,0.0,0.0,0.0,0.0,0.0,0.0,0.0,0.0,0.0,0.0,0.0
3.8325,0.0,0.0,0.0,0.0,0.0,0.0,0.0,0.0,0.0,0.0,0.0,0.0
3.835,0.0,0.0,0.0,0.0,0.0,0.0,0.0,0.0,0.0,0.0,0.0,0.0
3.8375,0.0,0.0,0.0,0.0,0.0,0.0,0.0,0.0,0.0,0.0,0.0,0.0
3.84,0.0,0.0,0.0,0.0,0.0,0.0,0.0,0.0,0.0,0.0,0.0,0.0
3.8425,0.0,0.0,0.0,0.0,0.0,0.0,0.0,0.0,0.0,0.0,0.0,0.0
3.845,0.0,0.0,0.0,0.0,0.0,0.0,0.0,0.0,0.0,0.0,0.0,0.0
3.8475,0.0,0.0,0.0,0.0,0.0,0.0,0.0,0.0,0.0,0.0,0.0,0.0
3.85,0.0,0.0,0.0,0.0,0.0,0.0,0.0,0.0,0.0,0.0,0.0,0.0
3.8525,0.0,0.0,0.0,0.0,0.0,0.0,0.0,0.0,0.0,0.0,0.0,0.0
3.855,0.0,0.0,0.0,0.0,0.0,0.0,0.0,0.0,0.0,0.0,0.0,0.0
3.8575,0.0,0.0,0.0,0.0,0.0,0.0,0.0,0.0,0.0,0.0,0.0,0.0
3.86,0.0,0.0,0.0,0.0,0.0,0.0,0.0,0.0,0.0,0.0,0.0,0.0
3.8625,0.0,0.0,0.0,0.0,0.0,0.0,0.0,0.0,0.0,0.0,0.0,0.0
3.865,0.0,0.0,0.0,0.0,0.0,0.0,0.0,0.0,0.0,0.0,0.0,0.0
3.8675,0.0,0.0,0.0,0.0,0.0,0.0,0.0,0.0,0.0,0.0,0.0,0.0
3.87,0.0,0.0,0.0,0.0,0.0,0.0,0.0,0.0,0.0,0.0,0.0,0.0
3.8725,0.0,0.0,0.0,0.0,0.0,0.0,0.0,0.0,0.0,0.0,0.0,0.0
3.875,0.0,0.0,0.0,0.0,0.0,0.0,0.0,0.0,0.0,0.0,0.0,0.0
3.8775,0.0,0.0,0.0,0.0,0.0,0.0,0.0,0.0,0.0,0.0,0.0,0.0
3.88,0.0,0.0,0.0,0.0,0.0,0.0,0.0,0.0,0.0,0.0,0.0,0.0
3.8825,0.0,0.0,0.0,0.0,0.0,0.0,0.0,0.0,0.0,0.0,0.0,0.0
3.885,0.0,0.0,0.0,0.0,0.0,0.0,0.0,0.0,0.0,0.0,0.0,0.0
3.8875,0.0,0.0,0.0,0.0,0.0,0.0,0.0,0.0,0.0,0.0,0.0,0.0
3.89,0.0,0.0,0.0,0.0,0.0,0.0,0.0,0.0,0.0,0.0,0.0,0.0
3.8925,0.0,0.0,0.0,0.0,0.0,0.0,0.0,0.0,0.0,0.0,0.0,0.0
3.895,0.0,0.0,0.0,0.0,0.0,0.0,0.0,0.0,0.0,0.0,0.0,0.0
3.8975,0.0,0.0,0.0,0.0,0.0,0.0,0.0,0.0,0.0,0.0,0.0,0.0
3.9,0.0,0.0,0.0,0.0,0.0,0.0,0.0,0.0,0.0,0.0,0.0,0.0
3.9025,0.0,0.0,0.0,0.0,0.0,0.0,0.0,0.0,0.0,0.0,0.0,0.0
3.905,0.0,0.0,0.0,0.0,0.0,0.0,0.0,0.0,0.0,0.0,0.0,0.0
3.9075,0.0,0.0,0.0,0.0,0.0,0.0,0.0,0.0,0.0,0.0,0.0,0.0
3.91,0.0,0.0,0.0,0.0,0.0,0.0,0.0,0.0,0.0,0.0,0.0,0.0
3.9125,0.0,0.0,0.0,0.0,0.0,0.0,0.0,0.0,0.0,0.0,0.0,0.0
3.915,0.0,0.0,0.0,0.0,0.0,0.0,0.0,0.0,0.0,0.0,0.0,0.0
3.9175,0.0,0.0,0.0,0.0,0.0,0.0,0.0,0.0,0.0,0.0,0.0,0.0
3.92,0.0,0.0,0.0,0.0,0.0,0.0,0.0,0.0,0.0,0.0,0.0,0.0
3.9225,0.0,0.0,0.0,0.0,0.0,0.0,0.0,0.0,0.0,0.0,0.0,0.0
3.925,0.0,0.0,0.0,0.0,0.0,0.0,0.0,0.0,0.0,0.0,0.0,0.0
3.9275,0.0,0.0,0.0,0.0,0.0,0.0,0.0,0.0,0.0,0.0,0.0,0.0
3.93,0.0,0.0,0.0,0.0,0.0,0.0,0.0,0.0,0.0,0.0,0.0,0.0
3.9325,0.0,0.0,0.0,0.0,0.0,0.0,0.0,0.0,0.0,0.0,0.0,0.0
3.935,0.0,0.0,0.0,0.0,0.0,0.0,0.0,0.0,0.0,0.0,0.0,0.0
3.9375,0.0,0.0,0.0,0.0,0.0,0.0,0.0,0.0,0.0,0.0,0.0,0.0
3.94,0.0,0.0,0.0,0.0,0.0,0.0,0.0,0.0,0.0,0.0,0.0,0.0
3.9425,0.0,0.0,0.0,0.0,0.0,0.0,0.0,0.0,0.0,0.0,0.0,0.0
3.945,0.0,0.0,0.0,0.0,0.0,0.0,0.0,0.0,0.0,0.0,0.0,0.0
3.9475,0.0,0.0,0.0,0.0,0.0,0.0,0.0,0.0,0.0,0.0,0.0,0.0
3.95,0.0,0.0,0.0,0.0,0.0,0.0,0.0,0.0,0.0,0.0,0.0,0.0
3.9525,0.0,0.0,0.0,0.0,0.0,0.0,0.0,0.0,0.0,0.0,0.0,0.0
3.955,0.0,0.0,0.0,0.0,0.0,0.0,0.0,0.0,0.0,0.0,0.0,0.0
3.9575,0.0,0.0,0.0,0.0,0.0,0.0,0.0,0.0,0.0,0.0,0.0,0.0
3.96,0.0,0.0,0.0,0.0,0.0,0.0,0.0,0.0,0.0,0.0,0.0,0.0
3.9625,0.0,0.0,0.0,0.0,0.0,0.0,0.0,0.0,0.0,0.0,0.0,0.0
3.965,0.0,0.0,0.0,0.0,0.0,0.0,0.0,0.0,0.0,0.0,0.0,0.0
3.9675,0.0,0.0,0.0,0.0,0.0,0.0,0.0,0.0,0.0,0.0,0.0,0.0
3.97,0.0,0.0,0.0,0.0,0.0,0.0,0.0,0.0,0.0,0.0,0.0,0.0
3.9725,0.0,0.0,0.0,0.0,0.0,0.0,0.0,0.0,0.0,0.0,0.0,0.0
3.975,0.0,0.0,0.0,0.0,0.0,0.0,0.0,0.0,0.0,0.0,0.0,0.0
3.9775,0.0,0.0,0.0,0.0,0.0,0.0,0.0,0.0,0.0,0.0,0.0,0.0
3.98,0.0,0.0,0.0,0.0,0.0,0.0,0.0,0.0,0.0,0.0,0.0,0.0
3.9825,0.0,0.0,0.0,0.0,0.0,0.0,0.0,0.0,0.0,0.0,0.0,0.0
3.985,0.0,0.0,0.0,0.0,0.0,0.0,0.0,0.0,0.0,0.0,0.0,0.0
3.9875,0.0,0.0,0.0,0.0,0.0,0.0,0.0,0.0,0.0,0.0,0.0,0.0
3.99,0.0,0.0,0.0,0.0,0.0,0.0,0.0,0.0,0.0,0.0,0.0,0.0
3.9925,0.0,0.0,0.0,0.0,0.0,0.0,0.0,0.0,0.0,0.0,0.0,0.0
3.995,0.0,0.0,0.0,0.0,0.0,0.0,0.0,0.0,0.0,0.0,0.0,0.0
3.9975,0.0,0.0,0.0,0.0,0.0,0.0,0.0,0.0,0.0,0.0,0.0,0.0
4.0,0.0,0.0,0.0,0.0,0.0,0.0,0.0,0.0,0.0,0.0,0.0,0.0
4.0025,0.0,0.0,0.0,0.0,0.0,0.0,0.0,0.0,0.0,0.0,0.0,0.0
4.005,0.0,0.0,0.0,0.0,0.0,0.0,0.0,0.0,0.0,0.0,0.0,0.0
4.0075,0.0,0.0,0.0,0.0,0.0,0.0,0.0,0.0,0.0,0.0,0.0,0.0
4.01,0.0,0.0,0.0,0.0,0.0,0.0,0.0,0.0,0.0,0.0,0.0,0.0
4.0125,0.0,0.0,0.0,0.0,0.0,0.0,0.0,0.0,0.0,0.0,0.0,0.0
4.015,0.0,0.0,0.0,0.0,0.0,0.0,0.0,0.0,0.0,0.0,0.0,0.0
4.0175,0.0,0.0,0.0,0.0,0.0,0.0,0.0,0.0,0.0,0.0,0.0,0.0
4.02,0.0,0.0,0.0,0.0,0.0,0.0,0.0,0.0,0.0,0.0,0.0,0.0
4.0225,0.0,0.0,0.0,0.0,0.0,0.0,0.0,0.0,0.0,0.0,0.0,0.0
4.025,0.0,0.0,0.0,0.0,0.0,0.0,0.0,0.0,0.0,0.0,0.0,0.0
4.0275,0.0,0.0,0.0,0.0,0.0,0.0,0.0,0.0,0.0,0.0,0.0,0.0
4.03,0.0,0.0,0.0,0.0,0.0,0.0,0.0,0.0,0.0,0.0,0.0,0.0
4.0325,0.0,0.0,0.0,0.0,0.0,0.0,0.0,0.0,0.0,0.0,0.0,0.0
4.035,0.0,0.0,0.0,0.0,0.0,0.0,0.0,0.0,0.0,0.0,0.0,0.0
4.0375,0.0,0.0,0.0,0.0,0.0,0.0,0.0,0.0,0.0,0.0,0.0,0.0
4.04,0.0,0.0,0.0,0.0,0.0,0.0,0.0,0.0,0.0,0.0,0.0,0.0
4.0425,0.0,0.0,0.0,0.0,0.0,0.0,0.0,0.0,0.0,0.0,0.0,0.0
4.045,0.0,0.0,0.0,0.0,0.0,0.0,0.0,0.0,0.0,0.0,0.0,0.0
4.0475,0.0,0.0,0.0,0.0,0.0,0.0,0.0,0.0,0.0,0.0,0.0,0.0
4.05,0.0,0.0,0.0,0.0,0.0,0.0,0.0,0.0,0.0,0.0,0.0,0.0
4.0525,0.0,0.0,0.0,0.0,0.0,0.0,0.0,0.0,0.0,0.0,0.0,0.0
4.055,0.0,0.0,0.0,0.0,0.0,0.0,0.0,0.0,0.0,0.0,0.0,0.0
4.0575,0.0,0.0,0.0,0.0,0.0,0.0,0.0,0.0,0.0,0.0,0.0,0.0
4.06,0.0,0.0,0.0,0.0,0.0,0.0,0.0,0.0,0.0,0.0,0.0,0.0
4.0625,0.0,0.0,0.0,0.0,0.0,0.0,0.0,0.0,0.0,0.0,0.0,0.0
4.065,0.0,0.0,0.0,0.0,0.0,0.0,0.0,0.0,0.0,0.0,0.0,0.0
4.0675,0.0,0.0,0.0,0.0,0.0,0.0,0.0,0.0,0.0,0.0,0.0,0.0
4.07,0.0,0.0,0.0,0.0,0.0,0.0,0.0,0.0,0.0,0.0,0.0,0.0
4.0725,0.0,0.0,0.0,0.0,0.0,0.0,0.0,0.0,0.0,0.0,0.0,0.0
4.075,0.0,0.0,0.0,0.0,0.0,0.0,0.0,0.0,0.0,0.0,0.0,0.0
4.0775,0.0,0.0,0.0,0.0,0.0,0.0,0.0,0.0,0.0,0.0,0.0,0.0
4.08,0.0,0.0,0.0,0.0,0.0,0.0,0.0,0.0,0.0,0.0,0.0,0.0
4.0825,0.0,0.0,0.0,0.0,0.0,0.0,0.0,0.0,0.0,0.0,0.0,0.0
4.085,0.0,0.0,0.0,0.0,0.0,0.0,0.0,0.0,0.0,0.0,0.0,0.0
4.0875,0.0,0.0,0.0,0.0,0.0,0.0,0.0,0.0,0.0,0.0,0.0,0.0
4.09,0.0,0.0,0.0,0.0,0.0,0.0,0.0,0.0,0.0,0.0,0.0,0.0
4.0925,0.0,0.0,0.0,0.0,0.0,0.0,0.0,0.0,0.0,0.0,0.0,0.0
4.095,0.0,0.0,0.0,0.0,0.0,0.0,0.0,0.0,0.0,0.0,0.0,0.0
4.0975,0.0,0.0,0.0,0.0,0.0,0.0,0.0,0.0,0.0,0.0,0.0,0.0
4.1,0.0,0.0,0.0,0.0,0.0,0.0,0.0,0.0,0.0,0.0,0.0,0.0
4.1025,0.0,0.0,0.0,0.0,0.0,0.0,0.0,0.0,0.0,0.0,0.0,0.0
4.105,0.0,0.0,0.0,0.0,0.0,0.0,0.0,0.0,0.0,0.0,0.0,0.0
4.1075,0.0,0.0,0.0,0.0,0.0,0.0,0.0,0.0,0.0,0.0,0.0,0.0
4.11,0.0,0.0,0.0,0.0,0.0,0.0,0.0,0.0,0.0,0.0,0.0,0.0
4.1125,0.0,0.0,0.0,0.0,0.0,0.0,0.0,0.0,0.0,0.0,0.0,0.0
4.115,0.0,0.0,0.0,0.0,0.0,0.0,0.0,0.0,0.0,0.0,0.0,0.0
4.1175,0.0,0.0,0.0,0.0,0.0,0.0,0.0,0.0,0.0,0.0,0.0,0.0
4.12,0.0,0.0,0.0,0.0,0.0,0.0,0.0,0.0,0.0,0.0,0.0,0.0
4.1225,0.0,0.0,0.0,0.0,0.0,0.0,0.0,0.0,0.0,0.0,0.0,0.0
4.125,0.0,0.0,0.0,0.0,0.0,0.0,0.0,0.0,0.0,0.0,0.0,0.0
4.1275,0.0,0.0,0.0,0.0,0.0,0.0,0.0,0.0,0.0,0.0,0.0,0.0
4.13,0.0,0.0,0.0,0.0,0.0,0.0,0.0,0.0,0.0,0.0,0.0,0.0
4.1325,0.0,0.0,0.0,0.0,0.0,0.0,0.0,0.0,0.0,0.0,0.0,0.0
4.135,0.0,0.0,0.0,0.0,0.0,0.0,0.0,0.0,0.0,0.0,0.0,0.0
4.1375,0.0,0.0,0.0,0.0,0.0,0.0,0.0,0.0,0.0,0.0,0.0,0.0
4.14,0.0,0.0,0.0,0.0,0.0,0.0,0.0,0.0,0.0,0.0,0.0,0.0
4.1425,0.0,0.0,0.0,0.0,0.0,0.0,0.0,0.0,0.0,0.0,0.0,0.0
4.145,0.0,0.0,0.0,0.0,0.0,0.0,0.0,0.0,0.0,0.0,0.0,0.0
4.1475,0.0,0.0,0.0,0.0,0.0,0.0,0.0,0.0,0.0,0.0,0.0,0.0
4.15,0.0,0.0,0.0,0.0,0.0,0.0,0.0,0.0,0.0,0.0,0.0,0.0
4.1525,0.0,0.0,0.0,0.0,0.0,0.0,0.0,0.0,0.0,0.0,0.0,0.0
4.155,0.0,0.0,0.0,0.0,0.0,0.0,0.0,0.0,0.0,0.0,0.0,0.0
4.1575,0.0,0.0,0.0,0.0,0.0,0.0,0.0,0.0,0.0,0.0,0.0,0.0
4.16,0.0,0.0,0.0,0.0,0.0,0.0,0.0,0.0,0.0,0.0,0.0,0.0
4.1625,0.0,0.0,0.0,0.0,0.0,0.0,0.0,0.0,0.0,0.0,0.0,0.0
4.165,0.0,0.0,0.0,0.0,0.0,0.0,0.0,0.0,0.0,0.0,0.0,0.0
4.1675,0.0,0.0,0.0,0.0,0.0,0.0,0.0,0.0,0.0,0.0,0.0,0.0
4.17,0.0,0.0,0.0,0.0,0.0,0.0,0.0,0.0,0.0,0.0,0.0,0.0
4.1725,0.0,0.0,0.0,0.0,0.0,0.0,0.0,0.0,0.0,0.0,0.0,0.0
4.175,0.0,0.0,0.0,0.0,0.0,0.0,0.0,0.0,0.0,0.0,0.0,0.0
4.1775,0.0,0.0,0.0,0.0,0.0,0.0,0.0,0.0,0.0,0.0,0.0,0.0
4.18,0.0,0.0,0.0,0.0,0.0,0.0,0.0,0.0,0.0,0.0,0.0,0.0
4.1825,0.0,0.0,0.0,0.0,0.0,0.0,0.0,0.0,0.0,0.0,0.0,0.0
4.185,0.0,0.0,0.0,0.0,0.0,0.0,0.0,0.0,0.0,0.0,0.0,0.0
4.1875,0.0,0.0,0.0,0.0,0.0,0.0,0.0,0.0,0.0,0.0,0.0,0.0
4.19,0.0,0.0,0.0,0.0,0.0,0.0,0.0,0.0,0.0,0.0,0.0,0.0
4.1925,0.0,0.0,0.0,0.0,0.0,0.0,0.0,0.0,0.0,0.0,0.0,0.0
4.195,0.0,0.0,0.0,0.0,0.0,0.0,0.0,0.0,0.0,0.0,0.0,0.0
4.1975,0.0,0.0,0.0,0.0,0.0,0.0,0.0,0.0,0.0,0.0,0.0,0.0
4.2,0.0,0.0,0.0,0.0,0.0,0.0,0.0,0.0,0.0,0.0,0.0,0.0
4.2025,0.0,0.0,0.0,0.0,0.0,0.0,0.0,0.0,0.0,0.0,0.0,0.0
4.205,0.0,0.0,0.0,0.0,0.0,0.0,0.0,0.0,0.0,0.0,0.0,0.0
4.2075,0.0,0.0,0.0,0.0,0.0,0.0,0.0,0.0,0.0,0.0,0.0,0.0
4.21,0.0,0.0,0.0,0.0,0.0,0.0,0.0,0.0,0.0,0.0,0.0,0.0
4.2125,0.0,0.0,0.0,0.0,0.0,0.0,0.0,0.0,0.0,0.0,0.0,0.0
4.215,0.0,0.0,0.0,0.0,0.0,0.0,0.0,0.0,0.0,0.0,0.0,0.0
4.2175,0.0,0.0,0.0,0.0,0.0,0.0,0.0,0.0,0.0,0.0,0.0,0.0
4.22,0.0,0.0,0.0,0.0,0.0,0.0,0.0,0.0,0.0,0.0,0.0,0.0
4.2225,0.0,0.0,0.0,0.0,0.0,0.0,0.0,0.0,0.0,0.0,0.0,0.0
4.225,0.0,0.0,0.0,0.0,0.0,0.0,0.0,0.0,0.0,0.0,0.0,0.0
4.2275,0.0,0.0,0.0,0.0,0.0,0.0,0.0,0.0,0.0,0.0,0.0,0.0
4.23,0.0,0.0,0.0,0.0,0.0,0.0,0.0,0.0,0.0,0.0,0.0,0.0
4.2325,0.0,0.0,0.0,0.0,0.0,0.0,0.0,0.0,0.0,0.0,0.0,0.0
4.235,0.0,0.0,0.0,0.0,0.0,0.0,0.0,0.0,0.0,0.0,0.0,0.0
4.2375,0.0,0.0,0.0,0.0,0.0,0.0,0.0,0.0,0.0,0.0,0.0,0.0
4.24,0.0,0.0,0.0,0.0,0.0,0.0,0.0,0.0,0.0,0.0,0.0,0.0
4.2425,0.0,0.0,0.0,0.0,0.0,0.0,0.0,0.0,0.0,0.0,0.0,0.0
4.245,0.0,0.0,0.0,0.0,0.0,0.0,0.0,0.0,0.0,0.0,0.0,0.0
4.2475,0.0,0.0,0.0,0.0,0.0,0.0,0.0,0.0,0.0,0.0,0.0,0.0
4.25,0.0,0.0,0.0,0.0,0.0,0.0,0.0,0.0,0.0,0.0,0.0,0.0
4.2525,0.0,0.0,0.0,0.0,0.0,0.0,0.0,0.0,0.0,0.0,0.0,0.0
4.255,0.0,0.0,0.0,0.0,0.0,0.0,0.0,0.0,0.0,0.0,0.0,0.0
4.2575,0.0,0.0,0.0,0.0,0.0,0.0,0.0,0.0,0.0,0.0,0.0,0.0
4.26,0.0,0.0,0.0,0.0,0.0,0.0,0.0,0.0,0.0,0.0,0.0,0.0
4.2625,0.0,0.0,0.0,0.0,0.0,0.0,0.0,0.0,0.0,0.0,0.0,0.0
4.265,0.0,0.0,0.0,0.0,0.0,0.0,0.0,0.0,0.0,0.0,0.0,0.0
4.2675,0.0,0.0,0.0,0.0,0.0,0.0,0.0,0.0,0.0,0.0,0.0,0.0
4.27,0.0,0.0,0.0,0.0,0.0,0.0,0.0,0.0,0.0,0.0,0.0,0.0
4.2725,0.0,0.0,0.0,0.0,0.0,0.0,0.0,0.0,0.0,0.0,0.0,0.0
4.275,0.0,0.0,0.0,0.0,0.0,0.0,0.0,0.0,0.0,0.0,0.0,0.0
4.2775,0.0,0.0,0.0,0.0,0.0,0.0,0.0,0.0,0.0,0.0,0.0,0.0
4.28,0.0,0.0,0.0,0.0,0.0,0.0,0.0,0.0,0.0,0.0,0.0,0.0
4.2825,0.0,0.0,0.0,0.0,0.0,0.0,0.0,0.0,0.0,0.0,0.0,0.0
4.285,0.0,0.0,0.0,0.0,0.0,0.0,0.0,0.0,0.0,0.0,0.0,0.0
4.2875,0.0,0.0,0.0,0.0,0.0,0.0,0.0,0.0,0.0,0.0,0.0,0.0
4.29,0.0,0.0,0.0,0.0,0.0,0.0,0.0,0.0,0.0,0.0,0.0,0.0
4.2925,0.0,0.0,0.0,0.0,0.0,0.0,0.0,0.0,0.0,0.0,0.0,0.0
4.295,0.0,0.0,0.0,0.0,0.0,0.0,0.0,0.0,0.0,0.0,0.0,0.0
4.2975,0.0,0.0,0.0,0.0,0.0,0.0,0.0,0.0,0.0,0.0,0.0,0.0
4.3,0.0,0.0,0.0,0.0,0.0,0.0,0.0,0.0,0.0,0.0,0.0,0.0
4.3025,0.0,0.0,0.0,0.0,0.0,0.0,0.0,0.0,0.0,0.0,0.0,0.0
4.305,0.0,0.0,0.0,0.0,0.0,0.0,0.0,0.0,0.0,0.0,0.0,0.0
4.3075,0.0,0.0,0.0,0.0,0.0,0.0,0.0,0.0,0.0,0.0,0.0,0.0
4.31,0.0,0.0,0.0,0.0,0.0,0.0,0.0,0.0,0.0,0.0,0.0,0.0
4.3125,0.0,0.0,0.0,0.0,0.0,0.0,0.0,0.0,0.0,0.0,0.0,0.0
4.315,0.0,0.0,0.0,0.0,0.0,0.0,0.0,0.0,0.0,0.0,0.0,0.0
4.3175,0.0,0.0,0.0,0.0,0.0,0.0,0.0,0.0,0.0,0.0,0.0,0.0
4.32,0.0,0.0,0.0,0.0,0.0,0.0,0.0,0.0,0.0,0.0,0.0,0.0
4.3225,0.0,0.0,0.0,0.0,0.0,0.0,0.0,0.0,0.0,0.0,0.0,0.0
4.325,0.0,0.0,0.0,0.0,0.0,0.0,0.0,0.0,0.0,0.0,0.0,0.0
4.3275,0.0,0.0,0.0,0.0,0.0,0.0,0.0,0.0,0.0,0.0,0.0,0.0
4.33,0.0,0.0,0.0,0.0,0.0,0.0,0.0,0.0,0.0,0.0,0.0,0.0
4.3325,0.0,0.0,0.0,0.0,0.0,0.0,0.0,0.0,0.0,0.0,0.0,0.0
4.335,0.0,0.0,0.0,0.0,0.0,0.0,0.0,0.0,0.0,0.0,0.0,0.0
4.3375,0.0,0.0,0.0,0.0,0.0,0.0,0.0,0.0,0.0,0.0,0.0,0.0
4.34,0.0,0.0,0.0,0.0,0.0,0.0,0.0,0.0,0.0,0.0,0.0,0.0
4.3425,0.0,0.0,0.0,0.0,0.0,0.0,0.0,0.0,0.0,0.0,0.0,0.0
4.345,0.0,0.0,0.0,0.0,0.0,0.0,0.0,0.0,0.0,0.0,0.0,0.0
4.3475,0.0,0.0,0.0,0.0,0.0,0.0,0.0,0.0,0.0,0.0,0.0,0.0
4.35,0.0,0.0,0.0,0.0,0.0,0.0,0.0,0.0,0.0,0.0,0.0,0.0
4.3525,0.0,0.0,0.0,0.0,0.0,0.0,0.0,0.0,0.0,0.0,0.0,0.0
4.355,0.0,0.0,0.0,0.0,0.0,0.0,0.0,0.0,0.0,0.0,0.0,0.0
4.3575,0.0,0.0,0.0,0.0,0.0,0.0,0.0,0.0,0.0,0.0,0.0,0.0
4.36,0.0,0.0,0.0,0.0,0.0,0.0,0.0,0.0,0.0,0.0,0.0,0.0
4.3625,0.0,0.0,0.0,0.0,0.0,0.0,0.0,0.0,0.0,0.0,0.0,0.0
4.365,0.0,0.0,0.0,0.0,0.0,0.0,0.0,0.0,0.0,0.0,0.0,0.0
4.3675,0.0,0.0,0.0,0.0,0.0,0.0,0.0,0.0,0.0,0.0,0.0,0.0
4.37,0.0,0.0,0.0,0.0,0.0,0.0,0.0,0.0,0.0,0.0,0.0,0.0
4.3725,0.0,0.0,0.0,0.0,0.0,0.0,0.0,0.0,0.0,0.0,0.0,0.0
4.375,0.0,0.0,0.0,0.0,0.0,0.0,0.0,0.0,0.0,0.0,0.0,0.0
4.3775,0.0,0.0,0.0,0.0,0.0,0.0,0.0,0.0,0.0,0.0,0.0,0.0
4.38,0.0,0.0,0.0,0.0,0.0,0.0,0.0,0.0,0.0,0.0,0.0,0.0
4.3825,0.0,0.0,0.0,0.0,0.0,0.0,0.0,0.0,0.0,0.0,0.0,0.0
4.385,0.0,0.0,0.0,0.0,0.0,0.0,0.0,0.0,0.0,0.0,0.0,0.0
4.3875,0.0,0.0,0.0,0.0,0.0,0.0,0.0,0.0,0.0,0.0,0.0,0.0
4.39,0.0,0.0,0.0,0.0,0.0,0.0,0.0,0.0,0.0,0.0,0.0,0.0
4.3925,0.0,0.0,0.0,0.0,0.0,0.0,0.0,0.0,0.0,0.0,0.0,0.0
4.395,0.0,0.0,0.0,0.0,0.0,0.0,0.0,0.0,0.0,0.0,0.0,0.0
4.3975,0.0,0.0,0.0,0.0,0.0,0.0,0.0,0.0,0.0,0.0,0.0,0.0
4.4,0.0,0.0,0.0,0.0,0.0,0.0,0.0,0.0,0.0,0.0,0.0,0.0
4.4025,0.0,0.0,0.0,0.0,0.0,0.0,0.0,0.0,0.0,0.0,0.0,0.0
4.405,0.0,0.0,0.0,0.0,0.0,0.0,0.0,0.0,0.0,0.0,0.0,0.0
4.4075,0.0,0.0,0.0,0.0,0.0,0.0,0.0,0.0,0.0,0.0,0.0,0.0
4.41,0.0,0.0,0.0,0.0,0.0,0.0,0.0,0.0,0.0,0.0,0.0,0.0
4.4125,0.0,0.0,0.0,0.0,0.0,0.0,0.0,0.0,0.0,0.0,0.0,0.0
4.415,0.0,0.0,0.0,0.0,0.0,0.0,0.0,0.0,0.0,0.0,0.0,0.0
4.4175,0.0,0.0,0.0,0.0,0.0,0.0,0.0,0.0,0.0,0.0,0.0,0.0
4.42,0.0,0.0,0.0,0.0,0.0,0.0,0.0,0.0,0.0,0.0,0.0,0.0
4.4225,0.0,0.0,0.0,0.0,0.0,0.0,0.0,0.0,0.0,0.0,0.0,0.0
4.425,0.0,0.0,0.0,0.0,0.0,0.0,0.0,0.0,0.0,0.0,0.0,0.0
4.4275,0.0,0.0,0.0,0.0,0.0,0.0,0.0,0.0,0.0,0.0,0.0,0.0
4.43,0.0,0.0,0.0,0.0,0.0,0.0,0.0,0.0,0.0,0.0,0.0,0.0
4.4325,0.0,0.0,0.0,0.0,0.0,0.0,0.0,0.0,0.0,0.0,0.0,0.0
4.435,0.0,0.0,0.0,0.0,0.0,0.0,0.0,0.0,0.0,0.0,0.0,0.0
4.4375,0.0,0.0,0.0,0.0,0.0,0.0,0.0,0.0,0.0,0.0,0.0,0.0
4.44,0.0,0.0,0.0,0.0,0.0,0.0,0.0,0.0,0.0,0.0,0.0,0.0
4.4425,0.0,0.0,0.0,0.0,0.0,0.0,0.0,0.0,0.0,0.0,0.0,0.0
4.445,0.0,0.0,0.0,0.0,0.0,0.0,0.0,0.0,0.0,0.0,0.0,0.0
4.4475,0.0,0.0,0.0,0.0,0.0,0.0,0.0,0.0,0.0,0.0,0.0,0.0
4.45,0.0,0.0,0.0,0.0,0.0,0.0,0.0,0.0,0.0,0.0,0.0,0.0
4.4525,0.0,0.0,0.0,0.0,0.0,0.0,0.0,0.0,0.0,0.0,0.0,0.0
4.455,0.0,0.0,0.0,0.0,0.0,0.0,0.0,0.0,0.0,0.0,0.0,0.0
4.4575,0.0,0.0,0.0,0.0,0.0,0.0,0.0,0.0,0.0,0.0,0.0,0.0
4.46,0.0,0.0,0.0,0.0,0.0,0.0,0.0,0.0,0.0,0.0,0.0,0.0
4.4625,0.0,0.0,0.0,0.0,0.0,0.0,0.0,0.0,0.0,0.0,0.0,0.0
4.465,0.0,0.0,0.0,0.0,0.0,0.0,0.0,0.0,0.0,0.0,0.0,0.0
4.4675,0.0,0.0,0.0,0.0,0.0,0.0,0.0,0.0,0.0,0.0,0.0,0.0
4.47,0.0,0.0,0.0,0.0,0.0,0.0,0.0,0.0,0.0,0.0,0.0,0.0
4.4725,0.0,0.0,0.0,0.0,0.0,0.0,0.0,0.0,0.0,0.0,0.0,0.0
4.475,0.0,0.0,0.0,0.0,0.0,0.0,0.0,0.0,0.0,0.0,0.0,0.0
4.4775,0.0,0.0,0.0,0.0,0.0,0.0,0.0,0.0,0.0,0.0,0.0,0.0
4.48,0.0,0.0,0.0,0.0,0.0,0.0,0.0,0.0,0.0,0.0,0.0,0.0
4.4825,0.0,0.0,0.0,0.0,0.0,0.0,0.0,0.0,0.0,0.0,0.0,0.0
4.485,0.0,0.0,0.0,0.0,0.0,0.0,0.0,0.0,0.0,0.0,0.0,0.0
4.4875,0.0,0.0,0.0,0.0,0.0,0.0,0.0,0.0,0.0,0.0,0.0,0.0
4.49,0.0,0.0,0.0,0.0,0.0,0.0,0.0,0.0,0.0,0.0,0.0,0.0
4.4925,0.0,0.0,0.0,0.0,0.0,0.0,0.0,0.0,0.0,0.0,0.0,0.0
4.495,0.0,0.0,0.0,0.0,0.0,0.0,0.0,0.0,0.0,0.0,0.0,0.0
4.4975,0.0,0.0,0.0,0.0,0.0,0.0,0.0,0.0,0.0,0.0,0.0,0.0
4.5,0.0,0.0,0.0,0.0,0.0,0.0,0.0,0.0,0.0,0.0,0.0,0.0
4.5025,0.0,0.0,0.0,0.0,0.0,0.0,0.0,0.0,0.0,0.0,0.0,0.0
4.505,0.0,0.0,0.0,0.0,0.0,0.0,0.0,0.0,0.0,0.0,0.0,0.0
4.5075,0.0,0.0,0.0,0.0,0.0,0.0,0.0,0.0,0.0,0.0,0.0,0.0
4.51,0.0,0.0,0.0,0.0,0.0,0.0,0.0,0.0,0.0,0.0,0.0,0.0
4.5125,0.0,0.0,0.0,0.0,0.0,0.0,0.0,0.0,0.0,0.0,0.0,0.0
4.515,0.0,0.0,0.0,0.0,0.0,0.0,0.0,0.0,0.0,0.0,0.0,0.0
4.5175,0.0,0.0,0.0,0.0,0.0,0.0,0.0,0.0,0.0,0.0,0.0,0.0
4.52,0.0,0.0,0.0,0.0,0.0,0.0,0.0,0.0,0.0,0.0,0.0,0.0
4.5225,0.0,0.0,0.0,0.0,0.0,0.0,0.0,0.0,0.0,0.0,0.0,0.0
4.525,0.0,0.0,0.0,0.0,0.0,0.0,0.0,0.0,0.0,0.0,0.0,0.0
4.5275,0.0,0.0,0.0,0.0,0.0,0.0,0.0,0.0,0.0,0.0,0.0,0.0
4.53,0.0,0.0,0.0,0.0,0.0,0.0,0.0,0.0,0.0,0.0,0.0,0.0
4.5325,0.0,0.0,0.0,0.0,0.0,0.0,0.0,0.0,0.0,0.0,0.0,0.0
4.535,0.0,0.0,0.0,0.0,0.0,0.0,0.0,0.0,0.0,0.0,0.0,0.0
4.5375,0.0,0.0,0.0,0.0,0.0,0.0,0.0,0.0,0.0,0.0,0.0,0.0
4.54,0.0,0.0,0.0,0.0,0.0,0.0,0.0,0.0,0.0,0.0,0.0,0.0
4.5425,0.0,0.0,0.0,0.0,0.0,0.0,0.0,0.0,0.0,0.0,0.0,0.0
4.545,0.0,0.0,0.0,0.0,0.0,0.0,0.0,0.0,0.0,0.0,0.0,0.0
4.5475,0.0,0.0,0.0,0.0,0.0,0.0,0.0,0.0,0.0,0.0,0.0,0.0
4.55,0.0,0.0,0.0,0.0,0.0,0.0,0.0,0.0,0.0,0.0,0.0,0.0
4.5525,0.0,0.0,0.0,0.0,0.0,0.0,0.0,0.0,0.0,0.0,0.0,0.0
4.555,0.0,0.0,0.0,0.0,0.0,0.0,0.0,0.0,0.0,0.0,0.0,0.0
4.5575,0.0,0.0,0.0,0.0,0.0,0.0,0.0,0.0,0.0,0.0,0.0,0.0
4.56,0.0,0.0,0.0,0.0,0.0,0.0,0.0,0.0,0.0,0.0,0.0,0.0
4.5625,0.0,0.0,0.0,0.0,0.0,0.0,0.0,0.0,0.0,0.0,0.0,0.0
4.565,0.0,0.0,0.0,0.0,0.0,0.0,0.0,0.0,0.0,0.0,0.0,0.0
4.5675,0.0,0.0,0.0,0.0,0.0,0.0,0.0,0.0,0.0,0.0,0.0,0.0
4.57,0.0,0.0,0.0,0.0,0.0,0.0,0.0,0.0,0.0,0.0,0.0,0.0
4.5725,0.0,0.0,0.0,0.0,0.0,0.0,0.0,0.0,0.0,0.0,0.0,0.0
4.575,0.0,0.0,0.0,0.0,0.0,0.0,0.0,0.0,0.0,0.0,0.0,0.0
4.5775,0.0,0.0,0.0,0.0,0.0,0.0,0.0,0.0,0.0,0.0,0.0,0.0
4.58,0.0,0.0,0.0,0.0,0.0,0.0,0.0,0.0,0.0,0.0,0.0,0.0
4.5825,0.0,0.0,0.0,0.0,0.0,0.0,0.0,0.0,0.0,0.0,0.0,0.0
4.585,0.0,0.0,0.0,0.0,0.0,0.0,0.0,0.0,0.0,0.0,0.0,0.0
4.5875,0.0,0.0,0.0,0.0,0.0,0.0,0.0,0.0,0.0,0.0,0.0,0.0
4.59,0.0,0.0,0.0,0.0,0.0,0.0,0.0,0.0,0.0,0.0,0.0,0.0
4.5925,0.0,0.0,0.0,0.0,0.0,0.0,0.0,0.0,0.0,0.0,0.0,0.0
4.595,0.0,0.0,0.0,0.0,0.0,0.0,0.0,0.0,0.0,0.0,0.0,0.0
4.5975,0.0,0.0,0.0,0.0,0.0,0.0,0.0,0.0,0.0,0.0,0.0,0.0
4.6,0.0,0.0,0.0,0.0,0.0,0.0,0.0,0.0,0.0,0.0,0.0,0.0
4.6025,0.0,0.0,0.0,0.0,0.0,0.0,0.0,0.0,0.0,0.0,0.0,0.0
4.605,0.0,0.0,0.0,0.0,0.0,0.0,0.0,0.0,0.0,0.0,0.0,0.0
4.6075,0.0,0.0,0.0,0.0,0.0,0.0,0.0,0.0,0.0,0.0,0.0,0.0
4.61,0.0,0.0,0.0,0.0,0.0,0.0,0.0,0.0,0.0,0.0,0.0,0.0
4.6125,0.0,0.0,0.0,0.0,0.0,0.0,0.0,0.0,0.0,0.0,0.0,0.0
4.615,0.0,0.0,0.0,0.0,0.0,0.0,0.0,0.0,0.0,0.0,0.0,0.0
4.6175,0.0,0.0,0.0,0.0,0.0,0.0,0.0,0.0,0.0,0.0,0.0,0.0
4.62,0.0,0.0,0.0,0.0,0.0,0.0,0.0,0.0,0.0,0.0,0.0,0.0
4.6225,0.0,0.0,0.0,0.0,0.0,0.0,0.0,0.0,0.0,0.0,0.0,0.0
4.625,0.0,0.0,0.0,0.0,0.0,0.0,0.0,0.0,0.0,0.0,0.0,0.0
4.6275,0.0,0.0,0.0,0.0,0.0,0.0,0.0,0.0,0.0,0.0,0.0,0.0
4.63,0.0,0.0,0.0,0.0,0.0,0.0,0.0,0.0,0.0,0.0,0.0,0.0
4.6325,0.0,0.0,0.0,0.0,0.0,0.0,0.0,0.0,0.0,0.0,0.0,0.0
4.635,0.0,0.0,0.0,0.0,0.0,0.0,0.0,0.0,0.0,0.0,0.0,0.0
4.6375,0.0,0.0,0.0,0.0,0.0,0.0,0.0,0.0,0.0,0.0,0.0,0.0
4.64,0.0,0.0,0.0,0.0,0.0,0.0,0.0,0.0,0.0,0.0,0.0,0.0
4.6425,0.0,0.0,0.0,0.0,0.0,0.0,0.0,0.0,0.0,0.0,0.0,0.0
4.645,0.0,0.0,0.0,0.0,0.0,0.0,0.0,0.0,0.0,0.0,0.0,0.0
4.6475,0.0,0.0,0.0,0.0,0.0,0.0,0.0,0.0,0.0,0.0,0.0,0.0
4.65,0.0,0.0,0.0,0.0,0.0,0.0,0.0,0.0,0.0,0.0,0.0,0.0
4.6525,0.0,0.0,0.0,0.0,0.0,0.0,0.0,0.0,0.0,0.0,0.0,0.0
4.655,0.0,0.0,0.0,0.0,0.0,0.0,0.0,0.0,0.0,0.0,0.0,0.0
4.6575,0.0,0.0,0.0,0.0,0.0,0.0,0.0,0.0,0.0,0.0,0.0,0.0
4.66,0.0,0.0,0.0,0.0,0.0,0.0,0.0,0.0,0.0,0.0,0.0,0.0
4.6625,0.0,0.0,0.0,0.0,0.0,0.0,0.0,0.0,0.0,0.0,0.0,0.0
4.665,0.0,0.0,0.0,0.0,0.0,0.0,0.0,0.0,0.0,0.0,0.0,0.0
4.6675,0.0,0.0,0.0,0.0,0.0,0.0,0.0,0.0,0.0,0.0,0.0,0.0
4.67,0.0,0.0,0.0,0.0,0.0,0.0,0.0,0.0,0.0,0.0,0.0,0.0
4.6725,0.0,0.0,0.0,0.0,0.0,0.0,0.0,0.0,0.0,0.0,0.0,0.0
4.675,0.0,0.0,0.0,0.0,0.0,0.0,0.0,0.0,0.0,0.0,0.0,0.0
4.6775,0.0,0.0,0.0,0.0,0.0,0.0,0.0,0.0,0.0,0.0,0.0,0.0
4.68,0.0,0.0,0.0,0.0,0.0,0.0,0.0,0.0,0.0,0.0,0.0,0.0
4.6825,0.0,0.0,0.0,0.0,0.0,0.0,0.0,0.0,0.0,0.0,0.0,0.0
4.685,0.0,0.0,0.0,0.0,0.0,0.0,0.0,0.0,0.0,0.0,0.0,0.0
4.6875,0.0,0.0,0.0,0.0,0.0,0.0,0.0,0.0,0.0,0.0,0.0,0.0
4.69,0.0,0.0,0.0,0.0,0.0,0.0,0.0,0.0,0.0,0.0,0.0,0.0
4.6925,0.0,0.0,0.0,0.0,0.0,0.0,0.0,0.0,0.0,0.0,0.0,0.0
4.695,0.0,0.0,0.0,0.0,0.0,0.0,0.0,0.0,0.0,0.0,0.0,0.0
4.6975,0.0,0.0,0.0,0.0,0.0,0.0,0.0,0.0,0.0,0.0,0.0,0.0
4.7,0.0,0.0,0.0,0.0,0.0,0.0,0.0,0.0,0.0,0.0,0.0,0.0
4.7025,0.0,0.0,0.0,0.0,0.0,0.0,0.0,0.0,0.0,0.0,0.0,0.0
4.705,0.0,0.0,0.0,0.0,0.0,0.0,0.0,0.0,0.0,0.0,0.0,0.0
4.7075,0.0,0.0,0.0,0.0,0.0,0.0,0.0,0.0,0.0,0.0,0.0,0.0
4.71,0.0,0.0,0.0,0.0,0.0,0.0,0.0,0.0,0.0,0.0,0.0,0.0
4.7125,0.0,0.0,0.0,0.0,0.0,0.0,0.0,0.0,0.0,0.0,0.0,0.0
4.715,0.0,0.0,0.0,0.0,0.0,0.0,0.0,0.0,0.0,0.0,0.0,0.0
4.7175,0.0,0.0,0.0,0.0,0.0,0.0,0.0,0.0,0.0,0.0,0.0,0.0
4.72,0.0,0.0,0.0,0.0,0.0,0.0,0.0,0.0,0.0,0.0,0.0,0.0
4.7225,0.0,0.0,0.0,0.0,0.0,0.0,0.0,0.0,0.0,0.0,0.0,0.0
4.725,0.0,0.0,0.0,0.0,0.0,0.0,0.0,0.0,0.0,0.0,0.0,0.0
4.7275,0.0,0.0,0.0,0.0,0.0,0.0,0.0,0.0,0.0,0.0,0.0,0.0
4.73,0.0,0.0,0.0,0.0,0.0,0.0,0.0,0.0,0.0,0.0,0.0,0.0
4.7325,0.0,0.0,0.0,0.0,0.0,0.0,0.0,0.0,0.0,0.0,0.0,0.0
4.735,0.0,0.0,0.0,0.0,0.0,0.0,0.0,0.0,0.0,0.0,0.0,0.0
4.7375,0.0,0.0,0.0,0.0,0.0,0.0,0.0,0.0,0.0,0.0,0.0,0.0
4.74,0.0,0.0,0.0,0.0,0.0,0.0,0.0,0.0,0.0,0.0,0.0,0.0
4.7425,0.0,0.0,0.0,0.0,0.0,0.0,0.0,0.0,0.0,0.0,0.0,0.0
4.745,0.0,0.0,0.0,0.0,0.0,0.0,0.0,0.0,0.0,0.0,0.0,0.0
4.7475,0.0,0.0,0.0,0.0,0.0,0.0,0.0,0.0,0.0,0.0,0.0,0.0
4.75,0.0,0.0,0.0,0.0,0.0,0.0,0.0,0.0,0.0,0.0,0.0,0.0
4.7525,0.0,0.0,0.0,0.0,0.0,0.0,0.0,0.0,0.0,0.0,0.0,0.0
4.755,0.0,0.0,0.0,0.0,0.0,0.0,0.0,0.0,0.0,0.0,0.0,0.0
4.7575,0.0,0.0,0.0,0.0,0.0,0.0,0.0,0.0,0.0,0.0,0.0,0.0
4.76,0.0,0.0,0.0,0.0,0.0,0.0,0.0,0.0,0.0,0.0,0.0,0.0
4.7625,0.0,0.0,0.0,0.0,0.0,0.0,0.0,0.0,0.0,0.0,0.0,0.0
4.765,0.0,0.0,0.0,0.0,0.0,0.0,0.0,0.0,0.0,0.0,0.0,0.0
4.7675,0.0,0.0,0.0,0.0,0.0,0.0,0.0,0.0,0.0,0.0,0.0,0.0
4.77,0.0,0.0,0.0,0.0,0.0,0.0,0.0,0.0,0.0,0.0,0.0,0.0
4.7725,0.0,0.0,0.0,0.0,0.0,0.0,0.0,0.0,0.0,0.0,0.0,0.0
4.775,0.0,0.0,0.0,0.0,0.0,0.0,0.0,0.0,0.0,0.0,0.0,0.0
4.7775,0.0,0.0,0.0,0.0,0.0,0.0,0.0,0.0,0.0,0.0,0.0,0.0
4.78,0.0,0.0,0.0,0.0,0.0,0.0,0.0,0.0,0.0,0.0,0.0,0.0
4.7825,0.0,0.0,0.0,0.0,0.0,0.0,0.0,0.0,0.0,0.0,0.0,0.0
4.785,0.0,0.0,0.0,0.0,0.0,0.0,0.0,0.0,0.0,0.0,0.0,0.0
4.7875,0.0,0.0,0.0,0.0,0.0,0.0,0.0,0.0,0.0,0.0,0.0,0.0
4.79,0.0,0.0,0.0,0.0,0.0,0.0,0.0,0.0,0.0,0.0,0.0,0.0
4.7925,0.0,0.0,0.0,0.0,0.0,0.0,0.0,0.0,0.0,0.0,0.0,0.0
4.795,0.0,0.0,0.0,0.0,0.0,0.0,0.0,0.0,0.0,0.0,0.0,0.0
4.7975,0.0,0.0,0.0,0.0,0.0,0.0,0.0,0.0,0.0,0.0,0.0,0.0
4.8,0.0,0.0,0.0,0.0,0.0,0.0,0.0,0.0,0.0,0.0,0.0,0.0
4.8025,0.0,0.0,0.0,0.0,0.0,0.0,0.0,0.0,0.0,0.0,0.0,0.0
4.805,0.0,0.0,0.0,0.0,0.0,0.0,0.0,0.0,0.0,0.0,0.0,0.0
4.8075,0.0,0.0,0.0,0.0,0.0,0.0,0.0,0.0,0.0,0.0,0.0,0.0
4.81,0.0,0.0,0.0,0.0,0.0,0.0,0.0,0.0,0.0,0.0,0.0,0.0
4.8125,0.0,0.0,0.0,0.0,0.0,0.0,0.0,0.0,0.0,0.0,0.0,0.0
4.815,0.0,0.0,0.0,0.0,0.0,0.0,0.0,0.0,0.0,0.0,0.0,0.0
4.8175,0.0,0.0,0.0,0.0,0.0,0.0,0.0,0.0,0.0,0.0,0.0,0.0
4.82,0.0,0.0,0.0,0.0,0.0,0.0,0.0,0.0,0.0,0.0,0.0,0.0
4.8225,0.0,0.0,0.0,0.0,0.0,0.0,0.0,0.0,0.0,0.0,0.0,0.0
4.825,0.0,0.0,0.0,0.0,0.0,0.0,0.0,0.0,0.0,0.0,0.0,0.0
4.8275,0.0,0.0,0.0,0.0,0.0,0.0,0.0,0.0,0.0,0.0,0.0,0.0
4.83,0.0,0.0,0.0,0.0,0.0,0.0,0.0,0.0,0.0,0.0,0.0,0.0
4.8325,0.0,0.0,0.0,0.0,0.0,0.0,0.0,0.0,0.0,0.0,0.0,0.0
4.835,0.0,0.0,0.0,0.0,0.0,0.0,0.0,0.0,0.0,0.0,0.0,0.0
4.8375,0.0,0.0,0.0,0.0,0.0,0.0,0.0,0.0,0.0,0.0,0.0,0.0
4.84,0.0,0.0,0.0,0.0,0.0,0.0,0.0,0.0,0.0,0.0,0.0,0.0
4.8425,0.0,0.0,0.0,0.0,0.0,0.0,0.0,0.0,0.0,0.0,0.0,0.0
4.845,0.0,0.0,0.0,0.0,0.0,0.0,0.0,0.0,0.0,0.0,0.0,0.0
4.8475,0.0,0.0,0.0,0.0,0.0,0.0,0.0,0.0,0.0,0.0,0.0,0.0
4.85,0.0,0.0,0.0,0.0,0.0,0.0,0.0,0.0,0.0,0.0,0.0,0.0
4.8525,0.0,0.0,0.0,0.0,0.0,0.0,0.0,0.0,0.0,0.0,0.0,0.0
4.855,0.0,0.0,0.0,0.0,0.0,0.0,0.0,0.0,0.0,0.0,0.0,0.0
4.8575,0.0,0.0,0.0,0.0,0.0,0.0,0.0,0.0,0.0,0.0,0.0,0.0
4.86,0.0,0.0,0.0,0.0,0.0,0.0,0.0,0.0,0.0,0.0,0.0,0.0
4.8625,0.0,0.0,0.0,0.0,0.0,0.0,0.0,0.0,0.0,0.0,0.0,0.0
4.865,0.0,0.0,0.0,0.0,0.0,0.0,0.0,0.0,0.0,0.0,0.0,0.0
4.8675,0.0,0.0,0.0,0.0,0.0,0.0,0.0,0.0,0.0,0.0,0.0,0.0
4.87,0.0,0.0,0.0,0.0,0.0,0.0,0.0,0.0,0.0,0.0,0.0,0.0
4.8725,0.0,0.0,0.0,0.0,0.0,0.0,0.0,0.0,0.0,0.0,0.0,0.0
4.875,0.0,0.0,0.0,0.0,0.0,0.0,0.0,0.0,0.0,0.0,0.0,0.0
4.8775,0.0,0.0,0.0,0.0,0.0,0.0,0.0,0.0,0.0,0.0,0.0,0.0
4.88,0.0,0.0,0.0,0.0,0.0,0.0,0.0,0.0,0.0,0.0,0.0,0.0
4.8825,0.0,0.0,0.0,0.0,0.0,0.0,0.0,0.0,0.0,0.0,0.0,0.0
4.885,0.0,0.0,0.0,0.0,0.0,0.0,0.0,0.0,0.0,0.0,0.0,0.0
4.8875,0.0,0.0,0.0,0.0,0.0,0.0,0.0,0.0,0.0,0.0,0.0,0.0
4.89,0.0,0.0,0.0,0.0,0.0,0.0,0.0,0.0,0.0,0.0,0.0,0.0
4.8925,0.0,0.0,0.0,0.0,0.0,0.0,0.0,0.0,0.0,0.0,0.0,0.0
4.895,0.0,0.0,0.0,0.0,0.0,0.0,0.0,0.0,0.0,0.0,0.0,0.0
4.8975,0.0,0.0,0.0,0.0,0.0,0.0,0.0,0.0,0.0,0.0,0.0,0.0
4.9,0.0,0.0,0.0,0.0,0.0,0.0,0.0,0.0,0.0,0.0,0.0,0.0
4.9025,0.0,0.0,0.0,0.0,0.0,0.0,0.0,0.0,0.0,0.0,0.0,0.0
4.905,0.0,0.0,0.0,0.0,0.0,0.0,0.0,0.0,0.0,0.0,0.0,0.0
4.9075,0.0,0.0,0.0,0.0,0.0,0.0,0.0,0.0,0.0,0.0,0.0,0.0
4.91,0.0,0.0,0.0,0.0,0.0,0.0,0.0,0.0,0.0,0.0,0.0,0.0
4.9125,0.0,0.0,0.0,0.0,0.0,0.0,0.0,0.0,0.0,0.0,0.0,0.0
4.915,0.0,0.0,0.0,0.0,0.0,0.0,0.0,0.0,0.0,0.0,0.0,0.0
4.9175,0.0,0.0,0.0,0.0,0.0,0.0,0.0,0.0,0.0,0.0,0.0,0.0
4.92,0.0,0.0,0.0,0.0,0.0,0.0,0.0,0.0,0.0,0.0,0.0,0.0
4.9225,0.0,0.0,0.0,0.0,0.0,0.0,0.0,0.0,0.0,0.0,0.0,0.0
4.925,0.0,0.0,0.0,0.0,0.0,0.0,0.0,0.0,0.0,0.0,0.0,0.0
4.9275,0.0,0.0,0.0,0.0,0.0,0.0,0.0,0.0,0.0,0.0,0.0,0.0
4.93,0.0,0.0,0.0,0.0,0.0,0.0,0.0,0.0,0.0,0.0,0.0,0.0
4.9325,0.0,0.0,0.0,0.0,0.0,0.0,0.0,0.0,0.0,0.0,0.0,0.0
4.935,0.0,0.0,0.0,0.0,0.0,0.0,0.0,0.0,0.0,0.0,0.0,0.0
4.9375,0.0,0.0,0.0,0.0,0.0,0.0,0.0,0.0,0.0,0.0,0.0,0.0
4.94,0.0,0.0,0.0,0.0,0.0,0.0,0.0,0.0,0.0,0.0,0.0,0.0
4.9425,0.0,0.0,0.0,0.0,0.0,0.0,0.0,0.0,0.0,0.0,0.0,0.0
4.945,0.0,0.0,0.0,0.0,0.0,0.0,0.0,0.0,0.0,0.0,0.0,0.0
4.9475,0.0,0.0,0.0,0.0,0.0,0.0,0.0,0.0,0.0,0.0,0.0,0.0
4.95,0.0,0.0,0.0,0.0,0.0,0.0,0.0,0.0,0.0,0.0,0.0,0.0
4.9525,0.0,0.0,0.0,0.0,0.0,0.0,0.0,0.0,0.0,0.0,0.0,0.0
4.955,0.0,0.0,0.0,0.0,0.0,0.0,0.0,0.0,0.0,0.0,0.0,0.0
4.9575,0.0,0.0,0.0,0.0,0.0,0.0,0.0,0.0,0.0,0.0,0.0,0.0
4.96,0.0,0.0,0.0,0.0,0.0,0.0,0.0,0.0,0.0,0.0,0.0,0.0
4.9625,0.0,0.0,0.0,0.0,0.0,0.0,0.0,0.0,0.0,0.0,0.0,0.0
4.965,0.0,0.0,0.0,0.0,0.0,0.0,0.0,0.0,0.0,0.0,0.0,0.0
4.9675,0.0,0.0,0.0,0.0,0.0,0.0,0.0,0.0,0.0,0.0,0.0,0.0
4.97,0.0,0.0,0.0,0.0,0.0,0.0,0.0,0.0,0.0,0.0,0.0,0.0
4.9725,0.0,0.0,0.0,0.0,0.0,0.0,0.0,0.0,0.0,0.0,0.0,0.0
4.975,0.0,0.0,0.0,0.0,0.0,0.0,0.0,0.0,0.0,0.0,0.0,0.0
4.9775,0.0,0.0,0.0,0.0,0.0,0.0,0.0,0.0,0.0,0.0,0.0,0.0
4.98,0.0,0.0,0.0,0.0,0.0,0.0,0.0,0.0,0.0,0.0,0.0,0.0
4.9825,0.0,0.0,0.0,0.0,0.0,0.0,0.0,0.0,0.0,0.0,0.0,0.0
4.985,0.0,0.0,0.0,0.0,0.0,0.0,0.0,0.0,0.0,0.0,0.0,0.0
4.9875,0.0,0.0,0.0,0.0,0.0,0.0,0.0,0.0,0.0,0.0,0.0,0.0
4.99,0.0,0.0,0.0,0.0,0.0,0.0,0.0,0.0,0.0,0.0,0.0,0.0
4.9925,0.0,0.0,0.0,0.0,0.0,0.0,0.0,0.0,0.0,0.0,0.0,0.0
4.995,0.0,0.0,0.0,0.0,0.0,0.0,0.0,0.0,0.0,0.0,0.0,0.0
4.9975,0.0,0.0,0.0,0.0,0.0,0.0,0.0,0.0,0.0,0.0,0.0,0.0
5.0,0.0,0.0,0.0,0.0,0.0,0.0,0.0,0.0,0.0,0.0,0.0,0.0
5.0025,0.0,0.0,0.0,0.0,0.0,0.0,0.0,0.0,0.0,0.0,0.0,0.0
5.005,0.0,0.0,0.0,0.0,0.0,0.0,0.0,0.0,0.0,0.0,0.0,0.0
5.0075,0.0,0.0,0.0,0.0,0.0,0.0,0.0,0.0,0.0,0.0,0.0,0.0
5.01,0.0,0.0,0.0,0.0,0.0,0.0,0.0,0.0,0.0,0.0,0.0,0.0
5.0125,0.0,0.0,0.0,0.0,0.0,0.0,0.0,0.0,0.0,0.0,0.0,0.0
5.015,0.0,0.0,0.0,0.0,0.0,0.0,0.0,0.0,0.0,0.0,0.0,0.0
5.0175,0.0,0.0,0.0,0.0,0.0,0.0,0.0,0.0,0.0,0.0,0.0,0.0
5.02,0.0,0.0,0.0,0.0,0.0,0.0,0.0,0.0,0.0,0.0,0.0,0.0
5.0225,0.0,0.0,0.0,0.0,0.0,0.0,0.0,0.0,0.0,0.0,0.0,0.0
5.025,0.0,0.0,0.0,0.0,0.0,0.0,0.0,0.0,0.0,0.0,0.0,0.0
5.0275,0.0,0.0,0.0,0.0,0.0,0.0,0.0,0.0,0.0,0.0,0.0,0.0
5.03,0.0,0.0,0.0,0.0,0.0,0.0,0.0,0.0,0.0,0.0,0.0,0.0
5.0325,0.0,0.0,0.0,0.0,0.0,0.0,0.0,0.0,0.0,0.0,0.0,0.0
5.035,0.0,0.0,0.0,0.0,0.0,0.0,0.0,0.0,0.0,0.0,0.0,0.0
5.0375,0.0,0.0,0.0,0.0,0.0,0.0,0.0,0.0,0.0,0.0,0.0,0.0
5.04,0.0,0.0,0.0,0.0,0.0,0.0,0.0,0.0,0.0,0.0,0.0,0.0
5.0425,0.0,0.0,0.0,0.0,0.0,0.0,0.0,0.0,0.0,0.0,0.0,0.0
5.045,0.0,0.0,0.0,0.0,0.0,0.0,0.0,0.0,0.0,0.0,0.0,0.0
5.0475,0.0,0.0,0.0,0.0,0.0,0.0,0.0,0.0,0.0,0.0,0.0,0.0
5.05,0.0,0.0,0.0,0.0,0.0,0.0,0.0,0.0,0.0,0.0,0.0,0.0
5.0525,0.0,0.0,0.0,0.0,0.0,0.0,0.0,0.0,0.0,0.0,0.0,0.0
5.055,0.0,0.0,0.0,0.0,0.0,0.0,0.0,0.0,0.0,0.0,0.0,0.0
5.0575,0.0,0.0,0.0,0.0,0.0,0.0,0.0,0.0,0.0,0.0,0.0,0.0
5.06,0.0,0.0,0.0,0.0,0.0,0.0,0.0,0.0,0.0,0.0,0.0,0.0
5.0625,0.0,0.0,0.0,0.0,0.0,0.0,0.0,0.0,0.0,0.0,0.0,0.0
5.065,0.0,0.0,0.0,0.0,0.0,0.0,0.0,0.0,0.0,0.0,0.0,0.0
5.0675,0.0,0.0,0.0,0.0,0.0,0.0,0.0,0.0,0.0,0.0,0.0,0.0
5.07,0.0,0.0,0.0,0.0,0.0,0.0,0.0,0.0,0.0,0.0,0.0,0.0
5.0725,0.0,0.0,0.0,0.0,0.0,0.0,0.0,0.0,0.0,0.0,0.0,0.0
5.075,0.0,0.0,0.0,0.0,0.0,0.0,0.0,0.0,0.0,0.0,0.0,0.0
5.0775,0.0,0.0,0.0,0.0,0.0,0.0,0.0,0.0,0.0,0.0,0.0,0.0
5.08,0.0,0.0,0.0,0.0,0.0,0.0,0.0,0.0,0.0,0.0,0.0,0.0
5.0825,0.0,0.0,0.0,0.0,0.0,0.0,0.0,0.0,0.0,0.0,0.0,0.0
5.085,0.0,0.0,0.0,0.0,0.0,0.0,0.0,0.0,0.0,0.0,0.0,0.0
5.0875,0.0,0.0,0.0,0.0,0.0,0.0,0.0,0.0,0.0,0.0,0.0,0.0
5.09,0.0,0.0,0.0,0.0,0.0,0.0,0.0,0.0,0.0,0.0,0.0,0.0
5.0925,0.0,0.0,0.0,0.0,0.0,0.0,0.0,0.0,0.0,0.0,0.0,0.0
5.095,0.0,0.0,0.0,0.0,0.0,0.0,0.0,0.0,0.0,0.0,0.0,0.0
5.0975,0.0,0.0,0.0,0.0,0.0,0.0,0.0,0.0,0.0,0.0,0.0,0.0
5.1,0.0,0.0,0.0,0.0,0.0,0.0,0.0,0.0,0.0,0.0,0.0,0.0
5.1025,0.0,0.0,0.0,0.0,0.0,0.0,0.0,0.0,0.0,0.0,0.0,0.0
5.105,0.0,0.0,0.0,0.0,0.0,0.0,0.0,0.0,0.0,0.0,0.0,0.0
5.1075,0.0,0.0,0.0,0.0,0.0,0.0,0.0,0.0,0.0,0.0,0.0,0.0
5.11,0.0,0.0,0.0,0.0,0.0,0.0,0.0,0.0,0.0,0.0,0.0,0.0
5.1125,0.0,0.0,0.0,0.0,0.0,0.0,0.0,0.0,0.0,0.0,0.0,0.0
5.115,0.0,0.0,0.0,0.0,0.0,0.0,0.0,0.0,0.0,0.0,0.0,0.0
5.1175,0.0,0.0,0.0,0.0,0.0,0.0,0.0,0.0,0.0,0.0,0.0,0.0
5.12,0.0,0.0,0.0,0.0,0.0,0.0,0.0,0.0,0.0,0.0,0.0,0.0
5.1225,0.0,0.0,0.0,0.0,0.0,0.0,0.0,0.0,0.0,0.0,0.0,0.0
5.125,0.0,0.0,0.0,0.0,0.0,0.0,0.0,0.0,0.0,0.0,0.0,0.0
5.1275,0.0,0.0,0.0,0.0,0.0,0.0,0.0,0.0,0.0,0.0,0.0,0.0
5.13,0.0,0.0,0.0,0.0,0.0,0.0,0.0,0.0,0.0,0.0,0.0,0.0
5.1325,0.0,0.0,0.0,0.0,0.0,0.0,0.0,0.0,0.0,0.0,0.0,0.0
5.135,0.0,0.0,0.0,0.0,0.0,0.0,0.0,0.0,0.0,0.0,0.0,0.0
5.1375,0.0,0.0,0.0,0.0,0.0,0.0,0.0,0.0,0.0,0.0,0.0,0.0
5.14,0.0,0.0,0.0,0.0,0.0,0.0,0.0,0.0,0.0,0.0,0.0,0.0
5.1425,0.0,0.0,0.0,0.0,0.0,0.0,0.0,0.0,0.0,0.0,0.0,0.0
5.145,0.0,0.0,0.0,0.0,0.0,0.0,0.0,0.0,0.0,0.0,0.0,0.0
5.1475,0.0,0.0,0.0,0.0,0.0,0.0,0.0,0.0,0.0,0.0,0.0,0.0
5.15,0.0,0.0,0.0,0.0,0.0,0.0,0.0,0.0,0.0,0.0,0.0,0.0
5.1525,0.0,0.0,0.0,0.0,0.0,0.0,0.0,0.0,0.0,0.0,0.0,0.0
5.155,0.0,0.0,0.0,0.0,0.0,0.0,0.0,0.0,0.0,0.0,0.0,0.0
5.1575,0.0,0.0,0.0,0.0,0.0,0.0,0.0,0.0,0.0,0.0,0.0,0.0
5.16,0.0,0.0,0.0,0.0,0.0,0.0,0.0,0.0,0.0,0.0,0.0,0.0
5.1625,0.0,0.0,0.0,0.0,0.0,0.0,0.0,0.0,0.0,0.0,0.0,0.0
5.165,0.0,0.0,0.0,0.0,0.0,0.0,0.0,0.0,0.0,0.0,0.0,0.0
5.1675,0.0,0.0,0.0,0.0,0.0,0.0,0.0,0.0,0.0,0.0,0.0,0.0
5.17,0.0,0.0,0.0,0.0,0.0,0.0,0.0,0.0,0.0,0.0,0.0,0.0
5.1725,0.0,0.0,0.0,0.0,0.0,0.0,0.0,0.0,0.0,0.0,0.0,0.0
5.175,0.0,0.0,0.0,0.0,0.0,0.0,0.0,0.0,0.0,0.0,0.0,0.0
5.1775,0.0,0.0,0.0,0.0,0.0,0.0,0.0,0.0,0.0,0.0,0.0,0.0
5.18,0.0,0.0,0.0,0.0,0.0,0.0,0.0,0.0,0.0,0.0,0.0,0.0
5.1825,0.0,0.0,0.0,0.0,0.0,0.0,0.0,0.0,0.0,0.0,0.0,0.0
5.185,0.0,0.0,0.0,0.0,0.0,0.0,0.0,0.0,0.0,0.0,0.0,0.0
5.1875,0.0,0.0,0.0,0.0,0.0,0.0,0.0,0.0,0.0,0.0,0.0,0.0
5.19,0.0,0.0,0.0,0.0,0.0,0.0,0.0,0.0,0.0,0.0,0.0,0.0
5.1925,0.0,0.0,0.0,0.0,0.0,0.0,0.0,0.0,0.0,0.0,0.0,0.0
5.195,0.0,0.0,0.0,0.0,0.0,0.0,0.0,0.0,0.0,0.0,0.0,0.0
5.1975,0.0,0.0,0.0,0.0,0.0,0.0,0.0,0.0,0.0,0.0,0.0,0.0
5.2,0.0,0.0,0.0,0.0,0.0,0.0,0.0,0.0,0.0,0.0,0.0,0.0
5.2025,0.0,0.0,0.0,0.0,0.0,0.0,0.0,0.0,0.0,0.0,0.0,0.0
5.205,0.0,0.0,0.0,0.0,0.0,0.0,0.0,0.0,0.0,0.0,0.0,0.0
5.2075,0.0,0.0,0.0,0.0,0.0,0.0,0.0,0.0,0.0,0.0,0.0,0.0
5.21,0.0,0.0,0.0,0.0,0.0,0.0,0.0,0.0,0.0,0.0,0.0,0.0
5.2125,0.0,0.0,0.0,0.0,0.0,0.0,0.0,0.0,0.0,0.0,0.0,0.0
5.215,0.0,0.0,0.0,0.0,0.0,0.0,0.0,0.0,0.0,0.0,0.0,0.0
5.2175,0.0,0.0,0.0,0.0,0.0,0.0,0.0,0.0,0.0,0.0,0.0,0.0
5.22,0.0,0.0,0.0,0.0,0.0,0.0,0.0,0.0,0.0,0.0,0.0,0.0
5.2225,0.0,0.0,0.0,0.0,0.0,0.0,0.0,0.0,0.0,0.0,0.0,0.0
5.225,0.0,0.0,0.0,0.0,0.0,0.0,0.0,0.0,0.0,0.0,0.0,0.0
5.2275,0.0,0.0,0.0,0.0,0.0,0.0,0.0,0.0,0.0,0.0,0.0,0.0
5.23,0.0,0.0,0.0,0.0,0.0,0.0,0.0,0.0,0.0,0.0,0.0,0.0
5.2325,0.0,0.0,0.0,0.0,0.0,0.0,0.0,0.0,0.0,0.0,0.0,0.0
5.235,0.0,0.0,0.0,0.0,0.0,0.0,0.0,0.0,0.0,0.0,0.0,0.0
5.2375,0.0,0.0,0.0,0.0,0.0,0.0,0.0,0.0,0.0,0.0,0.0,0.0
5.24,0.0,0.0,0.0,0.0,0.0,0.0,0.0,0.0,0.0,0.0,0.0,0.0
5.2425,0.0,0.0,0.0,0.0,0.0,0.0,0.0,0.0,0.0,0.0,0.0,0.0
5.245,0.0,0.0,0.0,0.0,0.0,0.0,0.0,0.0,0.0,0.0,0.0,0.0
5.2475,0.0,0.0,0.0,0.0,0.0,0.0,0.0,0.0,0.0,0.0,0.0,0.0
5.25,0.0,0.0,0.0,0.0,0.0,0.0,0.0,0.0,0.0,0.0,0.0,0.0
5.2525,0.0,0.0,0.0,0.0,0.0,0.0,0.0,0.0,0.0,0.0,0.0,0.0
5.255,0.0,0.0,0.0,0.0,0.0,0.0,0.0,0.0,0.0,0.0,0.0,0.0
5.2575,0.0,0.0,0.0,0.0,0.0,0.0,0.0,0.0,0.0,0.0,0.0,0.0
5.26,0.0,0.0,0.0,0.0,0.0,0.0,0.0,0.0,0.0,0.0,0.0,0.0
5.2625,0.0,0.0,0.0,0.0,0.0,0.0,0.0,0.0,0.0,0.0,0.0,0.0
5.265,0.0,0.0,0.0,0.0,0.0,0.0,0.0,0.0,0.0,0.0,0.0,0.0
5.2675,0.0,0.0,0.0,0.0,0.0,0.0,0.0,0.0,0.0,0.0,0.0,0.0
5.27,0.0,0.0,0.0,0.0,0.0,0.0,0.0,0.0,0.0,0.0,0.0,0.0
5.2725,0.0,0.0,0.0,0.0,0.0,0.0,0.0,0.0,0.0,0.0,0.0,0.0
5.275,0.0,0.0,0.0,0.0,0.0,0.0,0.0,0.0,0.0,0.0,0.0,0.0
5.2775,0.0,0.0,0.0,0.0,0.0,0.0,0.0,0.0,0.0,0.0,0.0,0.0
5.28,0.0,0.0,0.0,0.0,0.0,0.0,0.0,0.0,0.0,0.0,0.0,0.0
5.2825,0.0,0.0,0.0,0.0,0.0,0.0,0.0,0.0,0.0,0.0,0.0,0.0
5.285,0.0,0.0,0.0,0.0,0.0,0.0,0.0,0.0,0.0,0.0,0.0,0.0
5.2875,0.0,0.0,0.0,0.0,0.0,0.0,0.0,0.0,0.0,0.0,0.0,0.0
5.29,0.0,0.0,0.0,0.0,0.0,0.0,0.0,0.0,0.0,0.0,0.0,0.0
5.2925,0.0,0.0,0.0,0.0,0.0,0.0,0.0,0.0,0.0,0.0,0.0,0.0
5.295,0.0,0.0,0.0,0.0,0.0,0.0,0.0,0.0,0.0,0.0,0.0,0.0
5.2975,0.0,0.0,0.0,0.0,0.0,0.0,0.0,0.0,0.0,0.0,0.0,0.0
5.3,0.0,0.0,0.0,0.0,0.0,0.0,0.0,0.0,0.0,0.0,0.0,0.0
5.3025,0.0,0.0,0.0,0.0,0.0,0.0,0.0,0.0,0.0,0.0,0.0,0.0
5.305,0.0,0.0,0.0,0.0,0.0,0.0,0.0,0.0,0.0,0.0,0.0,0.0
5.3075,0.0,0.0,0.0,0.0,0.0,0.0,0.0,0.0,0.0,0.0,0.0,0.0
5.31,0.0,0.0,0.0,0.0,0.0,0.0,0.0,0.0,0.0,0.0,0.0,0.0
5.3125,0.0,0.0,0.0,0.0,0.0,0.0,0.0,0.0,0.0,0.0,0.0,0.0
5.315,0.0,0.0,0.0,0.0,0.0,0.0,0.0,0.0,0.0,0.0,0.0,0.0
5.3175,0.0,0.0,0.0,0.0,0.0,0.0,0.0,0.0,0.0,0.0,0.0,0.0
5.32,0.0,0.0,0.0,0.0,0.0,0.0,0.0,0.0,0.0,0.0,0.0,0.0
5.3225,0.0,0.0,0.0,0.0,0.0,0.0,0.0,0.0,0.0,0.0,0.0,0.0
5.325,0.0,0.0,0.0,0.0,0.0,0.0,0.0,0.0,0.0,0.0,0.0,0.0
5.3275,0.0,0.0,0.0,0.0,0.0,0.0,0.0,0.0,0.0,0.0,0.0,0.0
5.33,0.0,0.0,0.0,0.0,0.0,0.0,0.0,0.0,0.0,0.0,0.0,0.0
5.3325,0.0,0.0,0.0,0.0,0.0,0.0,0.0,0.0,0.0,0.0,0.0,0.0
5.335,0.0,0.0,0.0,0.0,0.0,0.0,0.0,0.0,0.0,0.0,0.0,0.0
5.3375,0.0,0.0,0.0,0.0,0.0,0.0,0.0,0.0,0.0,0.0,0.0,0.0
5.34,0.0,0.0,0.0,0.0,0.0,0.0,0.0,0.0,0.0,0.0,0.0,0.0
5.3425,0.0,0.0,0.0,0.0,0.0,0.0,0.0,0.0,0.0,0.0,0.0,0.0
5.345,0.0,0.0,0.0,0.0,0.0,0.0,0.0,0.0,0.0,0.0,0.0,0.0
5.3475,0.0,0.0,0.0,0.0,0.0,0.0,0.0,0.0,0.0,0.0,0.0,0.0
5.35,0.0,0.0,0.0,0.0,0.0,0.0,0.0,0.0,0.0,0.0,0.0,0.0
5.3525,0.0,0.0,0.0,0.0,0.0,0.0,0.0,0.0,0.0,0.0,0.0,0.0
5.355,0.0,0.0,0.0,0.0,0.0,0.0,0.0,0.0,0.0,0.0,0.0,0.0
5.3575,0.0,0.0,0.0,0.0,0.0,0.0,0.0,0.0,0.0,0.0,0.0,0.0
5.36,0.0,0.0,0.0,0.0,0.0,0.0,0.0,0.0,0.0,0.0,0.0,0.0
5.3625,0.0,0.0,0.0,0.0,0.0,0.0,0.0,0.0,0.0,0.0,0.0,0.0
5.365,0.0,0.0,0.0,0.0,0.0,0.0,0.0,0.0,0.0,0.0,0.0,0.0
5.3675,0.0,0.0,0.0,0.0,0.0,0.0,0.0,0.0,0.0,0.0,0.0,0.0
5.37,0.0,0.0,0.0,0.0,0.0,0.0,0.0,0.0,0.0,0.0,0.0,0.0
5.3725,0.0,0.0,0.0,0.0,0.0,0.0,0.0,0.0,0.0,0.0,0.0,0.0
5.375,0.0,0.0,0.0,0.0,0.0,0.0,0.0,0.0,0.0,0.0,0.0,0.0
5.3775,0.0,0.0,0.0,0.0,0.0,0.0,0.0,0.0,0.0,0.0,0.0,0.0
5.38,0.0,0.0,0.0,0.0,0.0,0.0,0.0,0.0,0.0,0.0,0.0,0.0
5.3825,0.0,0.0,0.0,0.0,0.0,0.0,0.0,0.0,0.0,0.0,0.0,0.0
5.385,0.0,0.0,0.0,0.0,0.0,0.0,0.0,0.0,0.0,0.0,0.0,0.0
5.3875,0.0,0.0,0.0,0.0,0.0,0.0,0.0,0.0,0.0,0.0,0.0,0.0
5.39,0.0,0.0,0.0,0.0,0.0,0.0,0.0,0.0,0.0,0.0,0.0,0.0
5.3925,0.0,0.0,0.0,0.0,0.0,0.0,0.0,0.0,0.0,0.0,0.0,0.0
5.395,0.0,0.0,0.0,0.0,0.0,0.0,0.0,0.0,0.0,0.0,0.0,0.0
5.3975,0.0,0.0,0.0,0.0,0.0,0.0,0.0,0.0,0.0,0.0,0.0,0.0
5.4,0.0,0.0,0.0,0.0,0.0,0.0,0.0,0.0,0.0,0.0,0.0,0.0
5.4025,0.0,0.0,0.0,0.0,0.0,0.0,0.0,0.0,0.0,0.0,0.0,0.0
5.405,0.0,0.0,0.0,0.0,0.0,0.0,0.0,0.0,0.0,0.0,0.0,0.0
5.4075,0.0,0.0,0.0,0.0,0.0,0.0,0.0,0.0,0.0,0.0,0.0,0.0
5.41,0.0,0.0,0.0,0.0,0.0,0.0,0.0,0.0,0.0,0.0,0.0,0.0
5.4125,0.0,0.0,0.0,0.0,0.0,0.0,0.0,0.0,0.0,0.0,0.0,0.0
5.415,0.0,0.0,0.0,0.0,0.0,0.0,0.0,0.0,0.0,0.0,0.0,0.0
5.4175,0.0,0.0,0.0,0.0,0.0,0.0,0.0,0.0,0.0,0.0,0.0,0.0
5.42,0.0,0.0,0.0,0.0,0.0,0.0,0.0,0.0,0.0,0.0,0.0,0.0
5.4225,0.0,0.0,0.0,0.0,0.0,0.0,0.0,0.0,0.0,0.0,0.0,0.0
5.425,0.0,0.0,0.0,0.0,0.0,0.0,0.0,0.0,0.0,0.0,0.0,0.0
5.4275,0.0,0.0,0.0,0.0,0.0,0.0,0.0,0.0,0.0,0.0,0.0,0.0
5.43,0.0,0.0,0.0,0.0,0.0,0.0,0.0,0.0,0.0,0.0,0.0,0.0
5.4325,0.0,0.0,0.0,0.0,0.0,0.0,0.0,0.0,0.0,0.0,0.0,0.0
5.435,0.0,0.0,0.0,0.0,0.0,0.0,0.0,0.0,0.0,0.0,0.0,0.0
5.4375,0.0,0.0,0.0,0.0,0.0,0.0,0.0,0.0,0.0,0.0,0.0,0.0
5.44,0.0,0.0,0.0,0.0,0.0,0.0,0.0,0.0,0.0,0.0,0.0,0.0
5.4425,0.0,0.0,0.0,0.0,0.0,0.0,0.0,0.0,0.0,0.0,0.0,0.0
5.445,0.0,0.0,0.0,0.0,0.0,0.0,0.0,0.0,0.0,0.0,0.0,0.0
5.4475,0.0,0.0,0.0,0.0,0.0,0.0,0.0,0.0,0.0,0.0,0.0,0.0
5.45,0.0,0.0,0.0,0.0,0.0,0.0,0.0,0.0,0.0,0.0,0.0,0.0
5.4525,0.0,0.0,0.0,0.0,0.0,0.0,0.0,0.0,0.0,0.0,0.0,0.0
5.455,0.0,0.0,0.0,0.0,0.0,0.0,0.0,0.0,0.0,0.0,0.0,0.0
5.4575,0.0,0.0,0.0,0.0,0.0,0.0,0.0,0.0,0.0,0.0,0.0,0.0
5.46,0.0,0.0,0.0,0.0,0.0,0.0,0.0,0.0,0.0,0.0,0.0,0.0
5.4625,0.0,0.0,0.0,0.0,0.0,0.0,0.0,0.0,0.0,0.0,0.0,0.0
5.465,0.0,0.0,0.0,0.0,0.0,0.0,0.0,0.0,0.0,0.0,0.0,0.0
5.4675,0.0,0.0,0.0,0.0,0.0,0.0,0.0,0.0,0.0,0.0,0.0,0.0
5.47,0.0,0.0,0.0,0.0,0.0,0.0,0.0,0.0,0.0,0.0,0.0,0.0
5.4725,0.0,0.0,0.0,0.0,0.0,0.0,0.0,0.0,0.0,0.0,0.0,0.0
5.475,0.0,0.0,0.0,0.0,0.0,0.0,0.0,0.0,0.0,0.0,0.0,0.0
5.4775,0.0,0.0,0.0,0.0,0.0,0.0,0.0,0.0,0.0,0.0,0.0,0.0
5.48,0.0,0.0,0.0,0.0,0.0,0.0,0.0,0.0,0.0,0.0,0.0,0.0
5.4825,0.0,0.0,0.0,0.0,0.0,0.0,0.0,0.0,0.0,0.0,0.0,0.0
5.485,0.0,0.0,0.0,0.0,0.0,0.0,0.0,0.0,0.0,0.0,0.0,0.0
5.4875,0.0,0.0,0.0,0.0,0.0,0.0,0.0,0.0,0.0,0.0,0.0,0.0
5.49,0.0,0.0,0.0,0.0,0.0,0.0,0.0,0.0,0.0,0.0,0.0,0.0
5.4925,0.0,0.0,0.0,0.0,0.0,0.0,0.0,0.0,0.0,0.0,0.0,0.0
5.495,0.0,0.0,0.0,0.0,0.0,0.0,0.0,0.0,0.0,0.0,0.0,0.0
5.4975,0.0,0.0,0.0,0.0,0.0,0.0,0.0,0.0,0.0,0.0,0.0,0.0
5.5,0.0,0.0,0.0,0.0,0.0,0.0,0.0,0.0,0.0,0.0,0.0,0.0
5.5025,0.0,0.0,0.0,0.0,0.0,0.0,0.0,0.0,0.0,0.0,0.0,0.0
5.505,0.0,0.0,0.0,0.0,0.0,0.0,0.0,0.0,0.0,0.0,0.0,0.0
5.5075,0.0,0.0,0.0,0.0,0.0,0.0,0.0,0.0,0.0,0.0,0.0,0.0
5.51,0.0,0.0,0.0,0.0,0.0,0.0,0.0,0.0,0.0,0.0,0.0,0.0
5.5125,0.0,0.0,0.0,0.0,0.0,0.0,0.0,0.0,0.0,0.0,0.0,0.0
5.515,0.0,0.0,0.0,0.0,0.0,0.0,0.0,0.0,0.0,0.0,0.0,0.0
5.5175,0.0,0.0,0.0,0.0,0.0,0.0,0.0,0.0,0.0,0.0,0.0,0.0
5.52,0.0,0.0,0.0,0.0,0.0,0.0,0.0,0.0,0.0,0.0,0.0,0.0
5.5225,0.0,0.0,0.0,0.0,0.0,0.0,0.0,0.0,0.0,0.0,0.0,0.0
5.525,0.0,0.0,0.0,0.0,0.0,0.0,0.0,0.0,0.0,0.0,0.0,0.0
5.5275,0.0,0.0,0.0,0.0,0.0,0.0,0.0,0.0,0.0,0.0,0.0,0.0
5.53,0.0,0.0,0.0,0.0,0.0,0.0,0.0,0.0,0.0,0.0,0.0,0.0
5.5325,0.0,0.0,0.0,0.0,0.0,0.0,0.0,0.0,0.0,0.0,0.0,0.0
5.535,0.0,0.0,0.0,0.0,0.0,0.0,0.0,0.0,0.0,0.0,0.0,0.0
5.5375,0.0,0.0,0.0,0.0,0.0,0.0,0.0,0.0,0.0,0.0,0.0,0.0
5.54,0.0,0.0,0.0,0.0,0.0,0.0,0.0,0.0,0.0,0.0,0.0,0.0
5.5425,0.0,0.0,0.0,0.0,0.0,0.0,0.0,0.0,0.0,0.0,0.0,0.0
5.545,0.0,0.0,0.0,0.0,0.0,0.0,0.0,0.0,0.0,0.0,0.0,0.0
5.5475,0.0,0.0,0.0,0.0,0.0,0.0,0.0,0.0,0.0,0.0,0.0,0.0
5.55,0.0,0.0,0.0,0.0,0.0,0.0,0.0,0.0,0.0,0.0,0.0,0.0
5.5525,0.0,0.0,0.0,0.0,0.0,0.0,0.0,0.0,0.0,0.0,0.0,0.0
5.555,0.0,0.0,0.0,0.0,0.0,0.0,0.0,0.0,0.0,0.0,0.0,0.0
5.5575,0.0,0.0,0.0,0.0,0.0,0.0,0.0,0.0,0.0,0.0,0.0,0.0
5.56,0.0,0.0,0.0,0.0,0.0,0.0,0.0,0.0,0.0,0.0,0.0,0.0
5.5625,0.0,0.0,0.0,0.0,0.0,0.0,0.0,0.0,0.0,0.0,0.0,0.0
5.565,0.0,0.0,0.0,0.0,0.0,0.0,0.0,0.0,0.0,0.0,0.0,0.0
5.5675,0.0,0.0,0.0,0.0,0.0,0.0,0.0,0.0,0.0,0.0,0.0,0.0
5.57,0.0,0.0,0.0,0.0,0.0,0.0,0.0,0.0,0.0,0.0,0.0,0.0
5.5725,0.0,0.0,0.0,0.0,0.0,0.0,0.0,0.0,0.0,0.0,0.0,0.0
5.575,0.0,0.0,0.0,0.0,0.0,0.0,0.0,0.0,0.0,0.0,0.0,0.0
5.5775,0.0,0.0,0.0,0.0,0.0,0.0,0.0,0.0,0.0,0.0,0.0,0.0
5.58,0.0,0.0,0.0,0.0,0.0,0.0,0.0,0.0,0.0,0.0,0.0,0.0
5.5825,0.0,0.0,0.0,0.0,0.0,0.0,0.0,0.0,0.0,0.0,0.0,0.0
5.585,0.0,0.0,0.0,0.0,0.0,0.0,0.0,0.0,0.0,0.0,0.0,0.0
5.5875,0.0,0.0,0.0,0.0,0.0,0.0,0.0,0.0,0.0,0.0,0.0,0.0
5.59,0.0,0.0,0.0,0.0,0.0,0.0,0.0,0.0,0.0,0.0,0.0,0.0
5.5925,0.0,0.0,0.0,0.0,0.0,0.0,0.0,0.0,0.0,0.0,0.0,0.0
5.595,0.0,0.0,0.0,0.0,0.0,0.0,0.0,0.0,0.0,0.0,0.0,0.0
5.5975,0.0,0.0,0.0,0.0,0.0,0.0,0.0,0.0,0.0,0.0,0.0,0.0
5.6,0.0,0.0,0.0,0.0,0.0,0.0,0.0,0.0,0.0,0.0,0.0,0.0
5.6025,0.0,0.0,0.0,0.0,0.0,0.0,0.0,0.0,0.0,0.0,0.0,0.0
5.605,0.0,0.0,0.0,0.0,0.0,0.0,0.0,0.0,0.0,0.0,0.0,0.0
5.6075,0.0,0.0,0.0,0.0,0.0,0.0,0.0,0.0,0.0,0.0,0.0,0.0
5.61,0.0,0.0,0.0,0.0,0.0,0.0,0.0,0.0,0.0,0.0,0.0,0.0
5.6125,0.0,0.0,0.0,0.0,0.0,0.0,0.0,0.0,0.0,0.0,0.0,0.0
5.615,0.0,0.0,0.0,0.0,0.0,0.0,0.0,0.0,0.0,0.0,0.0,0.0
5.6175,0.0,0.0,0.0,0.0,0.0,0.0,0.0,0.0,0.0,0.0,0.0,0.0
5.62,0.0,0.0,0.0,0.0,0.0,0.0,0.0,0.0,0.0,0.0,0.0,0.0
5.6225,0.0,0.0,0.0,0.0,0.0,0.0,0.0,0.0,0.0,0.0,0.0,0.0
5.625,0.0,0.0,0.0,0.0,0.0,0.0,0.0,0.0,0.0,0.0,0.0,0.0
5.6275,0.0,0.0,0.0,0.0,0.0,0.0,0.0,0.0,0.0,0.0,0.0,0.0
5.63,0.0,0.0,0.0,0.0,0.0,0.0,0.0,0.0,0.0,0.0,0.0,0.0
5.6325,0.0,0.0,0.0,0.0,0.0,0.0,0.0,0.0,0.0,0.0,0.0,0.0
5.635,0.0,0.0,0.0,0.0,0.0,0.0,0.0,0.0,0.0,0.0,0.0,0.0
5.6375,0.0,0.0,0.0,0.0,0.0,0.0,0.0,0.0,0.0,0.0,0.0,0.0
5.64,0.0,0.0,0.0,0.0,0.0,0.0,0.0,0.0,0.0,0.0,0.0,0.0
5.6425,0.0,0.0,0.0,0.0,0.0,0.0,0.0,0.0,0.0,0.0,0.0,0.0
5.645,0.0,0.0,0.0,0.0,0.0,0.0,0.0,0.0,0.0,0.0,0.0,0.0
5.6475,0.0,0.0,0.0,0.0,0.0,0.0,0.0,0.0,0.0,0.0,0.0,0.0
5.65,0.0,0.0,0.0,0.0,0.0,0.0,0.0,0.0,0.0,0.0,0.0,0.0
5.6525,0.0,0.0,0.0,0.0,0.0,0.0,0.0,0.0,0.0,0.0,0.0,0.0
5.655,0.0,0.0,0.0,0.0,0.0,0.0,0.0,0.0,0.0,0.0,0.0,0.0
5.6575,0.0,0.0,0.0,0.0,0.0,0.0,0.0,0.0,0.0,0.0,0.0,0.0
5.66,0.0,0.0,0.0,0.0,0.0,0.0,0.0,0.0,0.0,0.0,0.0,0.0
5.6625,0.0,0.0,0.0,0.0,0.0,0.0,0.0,0.0,0.0,0.0,0.0,0.0
5.665,0.0,0.0,0.0,0.0,0.0,0.0,0.0,0.0,0.0,0.0,0.0,0.0
5.6675,0.0,0.0,0.0,0.0,0.0,0.0,0.0,0.0,0.0,0.0,0.0,0.0
5.67,0.0,0.0,0.0,0.0,0.0,0.0,0.0,0.0,0.0,0.0,0.0,0.0
5.6725,0.0,0.0,0.0,0.0,0.0,0.0,0.0,0.0,0.0,0.0,0.0,0.0
5.675,0.0,0.0,0.0,0.0,0.0,0.0,0.0,0.0,0.0,0.0,0.0,0.0
5.6775,0.0,0.0,0.0,0.0,0.0,0.0,0.0,0.0,0.0,0.0,0.0,0.0
5.68,0.0,0.0,0.0,0.0,0.0,0.0,0.0,0.0,0.0,0.0,0.0,0.0
5.6825,0.0,0.0,0.0,0.0,0.0,0.0,0.0,0.0,0.0,0.0,0.0,0.0
5.685,0.0,0.0,0.0,0.0,0.0,0.0,0.0,0.0,0.0,0.0,0.0,0.0
5.6875,0.0,0.0,0.0,0.0,0.0,0.0,0.0,0.0,0.0,0.0,0.0,0.0
5.69,0.0,0.0,0.0,0.0,0.0,0.0,0.0,0.0,0.0,0.0,0.0,0.0
5.6925,0.0,0.0,0.0,0.0,0.0,0.0,0.0,0.0,0.0,0.0,0.0,0.0
5.695,0.0,0.0,0.0,0.0,0.0,0.0,0.0,0.0,0.0,0.0,0.0,0.0
5.6975,0.0,0.0,0.0,0.0,0.0,0.0,0.0,0.0,0.0,0.0,0.0,0.0
5.7,0.0,0.0,0.0,0.0,0.0,0.0,0.0,0.0,0.0,0.0,0.0,0.0
5.7025,0.0,0.0,0.0,0.0,0.0,0.0,0.0,0.0,0.0,0.0,0.0,0.0
5.705,0.0,0.0,0.0,0.0,0.0,0.0,0.0,0.0,0.0,0.0,0.0,0.0
5.7075,0.0,0.0,0.0,0.0,0.0,0.0,0.0,0.0,0.0,0.0,0.0,0.0
5.71,0.0,0.0,0.0,0.0,0.0,0.0,0.0,0.0,0.0,0.0,0.0,0.0
5.7125,0.0,0.0,0.0,0.0,0.0,0.0,0.0,0.0,0.0,0.0,0.0,0.0
5.715,0.0,0.0,0.0,0.0,0.0,0.0,0.0,0.0,0.0,0.0,0.0,0.0
5.7175,0.0,0.0,0.0,0.0,0.0,0.0,0.0,0.0,0.0,0.0,0.0,0.0
5.72,0.0,0.0,0.0,0.0,0.0,0.0,0.0,0.0,0.0,0.0,0.0,0.0
5.7225,0.0,0.0,0.0,0.0,0.0,0.0,0.0,0.0,0.0,0.0,0.0,0.0
5.725,0.0,0.0,0.0,0.0,0.0,0.0,0.0,0.0,0.0,0.0,0.0,0.0
5.7275,0.0,0.0,0.0,0.0,0.0,0.0,0.0,0.0,0.0,0.0,0.0,0.0
5.73,0.0,0.0,0.0,0.0,0.0,0.0,0.0,0.0,0.0,0.0,0.0,0.0
5.7325,0.0,0.0,0.0,0.0,0.0,0.0,0.0,0.0,0.0,0.0,0.0,0.0
5.735,0.0,0.0,0.0,0.0,0.0,0.0,0.0,0.0,0.0,0.0,0.0,0.0
5.7375,0.0,0.0,0.0,0.0,0.0,0.0,0.0,0.0,0.0,0.0,0.0,0.0
5.74,0.0,0.0,0.0,0.0,0.0,0.0,0.0,0.0,0.0,0.0,0.0,0.0
5.7425,0.0,0.0,0.0,0.0,0.0,0.0,0.0,0.0,0.0,0.0,0.0,0.0
5.745,0.0,0.0,0.0,0.0,0.0,0.0,0.0,0.0,0.0,0.0,0.0,0.0
5.7475,0.0,0.0,0.0,0.0,0.0,0.0,0.0,0.0,0.0,0.0,0.0,0.0
5.75,0.0,0.0,0.0,0.0,0.0,0.0,0.0,0.0,0.0,0.0,0.0,0.0
5.7525,0.0,0.0,0.0,0.0,0.0,0.0,0.0,0.0,0.0,0.0,0.0,0.0
5.755,0.0,0.0,0.0,0.0,0.0,0.0,0.0,0.0,0.0,0.0,0.0,0.0
5.7575,0.0,0.0,0.0,0.0,0.0,0.0,0.0,0.0,0.0,0.0,0.0,0.0
5.76,0.0,0.0,0.0,0.0,0.0,0.0,0.0,0.0,0.0,0.0,0.0,0.0
5.7625,0.0,0.0,0.0,0.0,0.0,0.0,0.0,0.0,0.0,0.0,0.0,0.0
5.765,0.0,0.0,0.0,0.0,0.0,0.0,0.0,0.0,0.0,0.0,0.0,0.0
5.7675,0.0,0.0,0.0,0.0,0.0,0.0,0.0,0.0,0.0,0.0,0.0,0.0
5.77,0.0,0.0,0.0,0.0,0.0,0.0,0.0,0.0,0.0,0.0,0.0,0.0
5.7725,0.0,0.0,0.0,0.0,0.0,0.0,0.0,0.0,0.0,0.0,0.0,0.0
5.775,0.0,0.0,0.0,0.0,0.0,0.0,0.0,0.0,0.0,0.0,0.0,0.0
5.7775,0.0,0.0,0.0,0.0,0.0,0.0,0.0,0.0,0.0,0.0,0.0,0.0
5.78,0.0,0.0,0.0,0.0,0.0,0.0,0.0,0.0,0.0,0.0,0.0,0.0
5.7825,0.0,0.0,0.0,0.0,0.0,0.0,0.0,0.0,0.0,0.0,0.0,0.0
5.785,0.0,0.0,0.0,0.0,0.0,0.0,0.0,0.0,0.0,0.0,0.0,0.0
5.7875,0.0,0.0,0.0,0.0,0.0,0.0,0.0,0.0,0.0,0.0,0.0,0.0
5.79,0.0,0.0,0.0,0.0,0.0,0.0,0.0,0.0,0.0,0.0,0.0,0.0
5.7925,0.0,0.0,0.0,0.0,0.0,0.0,0.0,0.0,0.0,0.0,0.0,0.0
5.795,0.0,0.0,0.0,0.0,0.0,0.0,0.0,0.0,0.0,0.0,0.0,0.0
5.7975,0.0,0.0,0.0,0.0,0.0,0.0,0.0,0.0,0.0,0.0,0.0,0.0
5.8,0.0,0.0,0.0,0.0,0.0,0.0,0.0,0.0,0.0,0.0,0.0,0.0
5.8025,0.0,0.0,0.0,0.0,0.0,0.0,0.0,0.0,0.0,0.0,0.0,0.0
5.805,0.0,0.0,0.0,0.0,0.0,0.0,0.0,0.0,0.0,0.0,0.0,0.0
5.8075,0.0,0.0,0.0,0.0,0.0,0.0,0.0,0.0,0.0,0.0,0.0,0.0
5.81,0.0,0.0,0.0,0.0,0.0,0.0,0.0,0.0,0.0,0.0,0.0,0.0
5.8125,0.0,0.0,0.0,0.0,0.0,0.0,0.0,0.0,0.0,0.0,0.0,0.0
5.815,0.0,0.0,0.0,0.0,0.0,0.0,0.0,0.0,0.0,0.0,0.0,0.0
5.8175,0.0,0.0,0.0,0.0,0.0,0.0,0.0,0.0,0.0,0.0,0.0,0.0
5.82,0.0,0.0,0.0,0.0,0.0,0.0,0.0,0.0,0.0,0.0,0.0,0.0
5.8225,0.0,0.0,0.0,0.0,0.0,0.0,0.0,0.0,0.0,0.0,0.0,0.0
5.825,0.0,0.0,0.0,0.0,0.0,0.0,0.0,0.0,0.0,0.0,0.0,0.0
5.8275,0.0,0.0,0.0,0.0,0.0,0.0,0.0,0.0,0.0,0.0,0.0,0.0
5.83,0.0,0.0,0.0,0.0,0.0,0.0,0.0,0.0,0.0,0.0,0.0,0.0
5.8325,0.0,0.0,0.0,0.0,0.0,0.0,0.0,0.0,0.0,0.0,0.0,0.0
5.835,0.0,0.0,0.0,0.0,0.0,0.0,0.0,0.0,0.0,0.0,0.0,0.0
5.8375,0.0,0.0,0.0,0.0,0.0,0.0,0.0,0.0,0.0,0.0,0.0,0.0
5.84,0.0,0.0,0.0,0.0,0.0,0.0,0.0,0.0,0.0,0.0,0.0,0.0
5.8425,0.0,0.0,0.0,0.0,0.0,0.0,0.0,0.0,0.0,0.0,0.0,0.0
5.845,0.0,0.0,0.0,0.0,0.0,0.0,0.0,0.0,0.0,0.0,0.0,0.0
5.8475,0.0,0.0,0.0,0.0,0.0,0.0,0.0,0.0,0.0,0.0,0.0,0.0
5.85,0.0,0.0,0.0,0.0,0.0,0.0,0.0,0.0,0.0,0.0,0.0,0.0
5.8525,0.0,0.0,0.0,0.0,0.0,0.0,0.0,0.0,0.0,0.0,0.0,0.0
5.855,0.0,0.0,0.0,0.0,0.0,0.0,0.0,0.0,0.0,0.0,0.0,0.0
5.8575,0.0,0.0,0.0,0.0,0.0,0.0,0.0,0.0,0.0,0.0,0.0,0.0
5.86,0.0,0.0,0.0,0.0,0.0,0.0,0.0,0.0,0.0,0.0,0.0,0.0
5.8625,0.0,0.0,0.0,0.0,0.0,0.0,0.0,0.0,0.0,0.0,0.0,0.0
5.865,0.0,0.0,0.0,0.0,0.0,0.0,0.0,0.0,0.0,0.0,0.0,0.0
5.8675,0.0,0.0,0.0,0.0,0.0,0.0,0.0,0.0,0.0,0.0,0.0,0.0
5.87,0.0,0.0,0.0,0.0,0.0,0.0,0.0,0.0,0.0,0.0,0.0,0.0
5.8725,0.0,0.0,0.0,0.0,0.0,0.0,0.0,0.0,0.0,0.0,0.0,0.0
5.875,0.0,0.0,0.0,0.0,0.0,0.0,0.0,0.0,0.0,0.0,0.0,0.0
5.8775,0.0,0.0,0.0,0.0,0.0,0.0,0.0,0.0,0.0,0.0,0.0,0.0
5.88,0.0,0.0,0.0,0.0,0.0,0.0,0.0,0.0,0.0,0.0,0.0,0.0
5.8825,0.0,0.0,0.0,0.0,0.0,0.0,0.0,0.0,0.0,0.0,0.0,0.0
5.885,0.0,0.0,0.0,0.0,0.0,0.0,0.0,0.0,0.0,0.0,0.0,0.0
5.8875,0.0,0.0,0.0,0.0,0.0,0.0,0.0,0.0,0.0,0.0,0.0,0.0
5.89,0.0,0.0,0.0,0.0,0.0,0.0,0.0,0.0,0.0,0.0,0.0,0.0
5.8925,0.0,0.0,0.0,0.0,0.0,0.0,0.0,0.0,0.0,0.0,0.0,0.0
5.895,0.0,0.0,0.0,0.0,0.0,0.0,0.0,0.0,0.0,0.0,0.0,0.0
5.8975,0.0,0.0,0.0,0.0,0.0,0.0,0.0,0.0,0.0,0.0,0.0,0.0
5.9,0.0,0.0,0.0,0.0,0.0,0.0,0.0,0.0,0.0,0.0,0.0,0.0
5.9025,0.0,0.0,0.0,0.0,0.0,0.0,0.0,0.0,0.0,0.0,0.0,0.0
5.905,0.0,0.0,0.0,0.0,0.0,0.0,0.0,0.0,0.0,0.0,0.0,0.0
5.9075,0.0,0.0,0.0,0.0,0.0,0.0,0.0,0.0,0.0,0.0,0.0,0.0
5.91,0.0,0.0,0.0,0.0,0.0,0.0,0.0,0.0,0.0,0.0,0.0,0.0
5.9125,0.0,0.0,0.0,0.0,0.0,0.0,0.0,0.0,0.0,0.0,0.0,0.0
5.915,0.0,0.0,0.0,0.0,0.0,0.0,0.0,0.0,0.0,0.0,0.0,0.0
5.9175,0.0,0.0,0.0,0.0,0.0,0.0,0.0,0.0,0.0,0.0,0.0,0.0
5.92,0.0,0.0,0.0,0.0,0.0,0.0,0.0,0.0,0.0,0.0,0.0,0.0
5.9225,0.0,0.0,0.0,0.0,0.0,0.0,0.0,0.0,0.0,0.0,0.0,0.0
5.925,0.0,0.0,0.0,0.0,0.0,0.0,0.0,0.0,0.0,0.0,0.0,0.0
5.9275,0.0,0.0,0.0,0.0,0.0,0.0,0.0,0.0,0.0,0.0,0.0,0.0
5.93,0.0,0.0,0.0,0.0,0.0,0.0,0.0,0.0,0.0,0.0,0.0,0.0
5.9325,0.0,0.0,0.0,0.0,0.0,0.0,0.0,0.0,0.0,0.0,0.0,0.0
5.935,0.0,0.0,0.0,0.0,0.0,0.0,0.0,0.0,0.0,0.0,0.0,0.0
5.9375,0.0,0.0,0.0,0.0,0.0,0.0,0.0,0.0,0.0,0.0,0.0,0.0
5.94,0.0,0.0,0.0,0.0,0.0,0.0,0.0,0.0,0.0,0.0,0.0,0.0
5.9425,0.0,0.0,0.0,0.0,0.0,0.0,0.0,0.0,0.0,0.0,0.0,0.0
5.945,0.0,0.0,0.0,0.0,0.0,0.0,0.0,0.0,0.0,0.0,0.0,0.0
5.9475,0.0,0.0,0.0,0.0,0.0,0.0,0.0,0.0,0.0,0.0,0.0,0.0
5.95,0.0,0.0,0.0,0.0,0.0,0.0,0.0,0.0,0.0,0.0,0.0,0.0
5.9525,0.0,0.0,0.0,0.0,0.0,0.0,0.0,0.0,0.0,0.0,0.0,0.0
5.955,0.0,0.0,0.0,0.0,0.0,0.0,0.0,0.0,0.0,0.0,0.0,0.0
5.9575,0.0,0.0,0.0,0.0,0.0,0.0,0.0,0.0,0.0,0.0,0.0,0.0
5.96,0.0,0.0,0.0,0.0,0.0,0.0,0.0,0.0,0.0,0.0,0.0,0.0
5.9625,0.0,0.0,0.0,0.0,0.0,0.0,0.0,0.0,0.0,0.0,0.0,0.0
5.965,0.0,0.0,0.0,0.0,0.0,0.0,0.0,0.0,0.0,0.0,0.0,0.0
5.9675,0.0,0.0,0.0,0.0,0.0,0.0,0.0,0.0,0.0,0.0,0.0,0.0
5.97,0.0,0.0,0.0,0.0,0.0,0.0,0.0,0.0,0.0,0.0,0.0,0.0
5.9725,0.0,0.0,0.0,0.0,0.0,0.0,0.0,0.0,0.0,0.0,0.0,0.0
5.975,0.0,0.0,0.0,0.0,0.0,0.0,0.0,0.0,0.0,0.0,0.0,0.0
5.9775,0.0,0.0,0.0,0.0,0.0,0.0,0.0,0.0,0.0,0.0,0.0,0.0
5.98,0.0,0.0,0.0,0.0,0.0,0.0,0.0,0.0,0.0,0.0,0.0,0.0
5.9825,0.0,0.0,0.0,0.0,0.0,0.0,0.0,0.0,0.0,0.0,0.0,0.0
5.985,0.0,0.0,0.0,0.0,0.0,0.0,0.0,0.0,0.0,0.0,0.0,0.0
5.9875,0.0,0.0,0.0,0.0,0.0,0.0,0.0,0.0,0.0,0.0,0.0,0.0
5.99,0.0,0.0,0.0,0.0,0.0,0.0,0.0,0.0,0.0,0.0,0.0,0.0
5.9925,0.0,0.0,0.0,0.0,0.0,0.0,0.0,0.0,0.0,0.0,0.0,0.0
5.995,0.0,0.0,0.0,0.0,0.0,0.0,0.0,0.0,0.0,0.0,0.0,0.0
5.9975,0.0,0.0,0.0,0.0,0.0,0.0,0.0,0.0,0.0,0.0,0.0,0.0
6.0,0.0,0.0,0.0,0.0,0.0,0.0,0.0,0.0,0.0,0.0,0.0,0.0
6.0025,0.0,0.0,0.0,0.0,0.0,0.0,0.0,0.0,0.0,0.0,0.0,0.0
6.005,0.0,0.0,0.0,0.0,0.0,0.0,0.0,0.0,0.0,0.0,0.0,0.0
6.0075,0.0,0.0,0.0,0.0,0.0,0.0,0.0,0.0,0.0,0.0,0.0,0.0
6.01,0.0,0.0,0.0,0.0,0.0,0.0,0.0,0.0,0.0,0.0,0.0,0.0
6.0125,0.0,0.0,0.0,0.0,0.0,0.0,0.0,0.0,0.0,0.0,0.0,0.0
6.015,0.0,0.0,0.0,0.0,0.0,0.0,0.0,0.0,0.0,0.0,0.0,0.0
6.0175,0.0,0.0,0.0,0.0,0.0,0.0,0.0,0.0,0.0,0.0,0.0,0.0
6.02,0.0,0.0,0.0,0.0,0.0,0.0,0.0,0.0,0.0,0.0,0.0,0.0
6.0225,0.0,0.0,0.0,0.0,0.0,0.0,0.0,0.0,0.0,0.0,0.0,0.0
6.025,0.0,0.0,0.0,0.0,0.0,0.0,0.0,0.0,0.0,0.0,0.0,0.0
6.0275,0.0,0.0,0.0,0.0,0.0,0.0,0.0,0.0,0.0,0.0,0.0,0.0
6.03,0.0,0.0,0.0,0.0,0.0,0.0,0.0,0.0,0.0,0.0,0.0,0.0
6.0325,0.0,0.0,0.0,0.0,0.0,0.0,0.0,0.0,0.0,0.0,0.0,0.0
6.035,0.0,0.0,0.0,0.0,0.0,0.0,0.0,0.0,0.0,0.0,0.0,0.0
6.0375,0.0,0.0,0.0,0.0,0.0,0.0,0.0,0.0,0.0,0.0,0.0,0.0
6.04,0.0,0.0,0.0,0.0,0.0,0.0,0.0,0.0,0.0,0.0,0.0,0.0
6.0425,0.0,0.0,0.0,0.0,0.0,0.0,0.0,0.0,0.0,0.0,0.0,0.0
6.045,0.0,0.0,0.0,0.0,0.0,0.0,0.0,0.0,0.0,0.0,0.0,0.0
6.0475,0.0,0.0,0.0,0.0,0.0,0.0,0.0,0.0,0.0,0.0,0.0,0.0
6.05,0.0,0.0,0.0,0.0,0.0,0.0,0.0,0.0,0.0,0.0,0.0,0.0
6.0525,0.0,0.0,0.0,0.0,0.0,0.0,0.0,0.0,0.0,0.0,0.0,0.0
6.055,0.0,0.0,0.0,0.0,0.0,0.0,0.0,0.0,0.0,0.0,0.0,0.0
6.0575,0.0,0.0,0.0,0.0,0.0,0.0,0.0,0.0,0.0,0.0,0.0,0.0
6.06,0.0,0.0,0.0,0.0,0.0,0.0,0.0,0.0,0.0,0.0,0.0,0.0
6.0625,0.0,0.0,0.0,0.0,0.0,0.0,0.0,0.0,0.0,0.0,0.0,0.0
6.065,0.0,0.0,0.0,0.0,0.0,0.0,0.0,0.0,0.0,0.0,0.0,0.0
6.0675,0.0,0.0,0.0,0.0,0.0,0.0,0.0,0.0,0.0,0.0,0.0,0.0
6.07,0.0,0.0,0.0,0.0,0.0,0.0,0.0,0.0,0.0,0.0,0.0,0.0
6.0725,0.0,0.0,0.0,0.0,0.0,0.0,0.0,0.0,0.0,0.0,0.0,0.0
6.075,0.0,0.0,0.0,0.0,0.0,0.0,0.0,0.0,0.0,0.0,0.0,0.0
6.0775,0.0,0.0,0.0,0.0,0.0,0.0,0.0,0.0,0.0,0.0,0.0,0.0
6.08,0.0,0.0,0.0,0.0,0.0,0.0,0.0,0.0,0.0,0.0,0.0,0.0
6.0825,0.0,0.0,0.0,0.0,0.0,0.0,0.0,0.0,0.0,0.0,0.0,0.0
6.085,0.0,0.0,0.0,0.0,0.0,0.0,0.0,0.0,0.0,0.0,0.0,0.0
6.0875,0.0,0.0,0.0,0.0,0.0,0.0,0.0,0.0,0.0,0.0,0.0,0.0
6.09,0.0,0.0,0.0,0.0,0.0,0.0,0.0,0.0,0.0,0.0,0.0,0.0
6.0925,0.0,0.0,0.0,0.0,0.0,0.0,0.0,0.0,0.0,0.0,0.0,0.0
6.095,0.0,0.0,0.0,0.0,0.0,0.0,0.0,0.0,0.0,0.0,0.0,0.0
6.0975,0.0,0.0,0.0,0.0,0.0,0.0,0.0,0.0,0.0,0.0,0.0,0.0
6.1,0.0,0.0,0.0,0.0,0.0,0.0,0.0,0.0,0.0,0.0,0.0,0.0
6.1025,0.0,0.0,0.0,0.0,0.0,0.0,0.0,0.0,0.0,0.0,0.0,0.0
6.105,0.0,0.0,0.0,0.0,0.0,0.0,0.0,0.0,0.0,0.0,0.0,0.0
6.1075,0.0,0.0,0.0,0.0,0.0,0.0,0.0,0.0,0.0,0.0,0.0,0.0
6.11,0.0,0.0,0.0,0.0,0.0,0.0,0.0,0.0,0.0,0.0,0.0,0.0
6.1125,0.0,0.0,0.0,0.0,0.0,0.0,0.0,0.0,0.0,0.0,0.0,0.0
6.115,0.0,0.0,0.0,0.0,0.0,0.0,0.0,0.0,0.0,0.0,0.0,0.0
6.1175,0.0,0.0,0.0,0.0,0.0,0.0,0.0,0.0,0.0,0.0,0.0,0.0
6.12,0.0,0.0,0.0,0.0,0.0,0.0,0.0,0.0,0.0,0.0,0.0,0.0
6.1225,0.0,0.0,0.0,0.0,0.0,0.0,0.0,0.0,0.0,0.0,0.0,0.0
6.125,0.0,0.0,0.0,0.0,0.0,0.0,0.0,0.0,0.0,0.0,0.0,0.0
6.1275,0.0,0.0,0.0,0.0,0.0,0.0,0.0,0.0,0.0,0.0,0.0,0.0
6.13,0.0,0.0,0.0,0.0,0.0,0.0,0.0,0.0,0.0,0.0,0.0,0.0
6.1325,0.0,0.0,0.0,0.0,0.0,0.0,0.0,0.0,0.0,0.0,0.0,0.0
6.135,0.0,0.0,0.0,0.0,0.0,0.0,0.0,0.0,0.0,0.0,0.0,0.0
6.1375,0.0,0.0,0.0,0.0,0.0,0.0,0.0,0.0,0.0,0.0,0.0,0.0
6.14,0.0,0.0,0.0,0.0,0.0,0.0,0.0,0.0,0.0,0.0,0.0,0.0
6.1425,0.0,0.0,0.0,0.0,0.0,0.0,0.0,0.0,0.0,0.0,0.0,0.0
6.145,0.0,0.0,0.0,0.0,0.0,0.0,0.0,0.0,0.0,0.0,0.0,0.0
6.1475,0.0,0.0,0.0,0.0,0.0,0.0,0.0,0.0,0.0,0.0,0.0,0.0
6.15,0.0,0.0,0.0,0.0,0.0,0.0,0.0,0.0,0.0,0.0,0.0,0.0
6.1525,0.0,0.0,0.0,0.0,0.0,0.0,0.0,0.0,0.0,0.0,0.0,0.0
6.155,0.0,0.0,0.0,0.0,0.0,0.0,0.0,0.0,0.0,0.0,0.0,0.0
6.1575,0.0,0.0,0.0,0.0,0.0,0.0,0.0,0.0,0.0,0.0,0.0,0.0
6.16,0.0,0.0,0.0,0.0,0.0,0.0,0.0,0.0,0.0,0.0,0.0,0.0
6.1625,0.0,0.0,0.0,0.0,0.0,0.0,0.0,0.0,0.0,0.0,0.0,0.0
6.165,0.0,0.0,0.0,0.0,0.0,0.0,0.0,0.0,0.0,0.0,0.0,0.0
6.1675,0.0,0.0,0.0,0.0,0.0,0.0,0.0,0.0,0.0,0.0,0.0,0.0
6.17,0.0,0.0,0.0,0.0,0.0,0.0,0.0,0.0,0.0,0.0,0.0,0.0
6.1725,0.0,0.0,0.0,0.0,0.0,0.0,0.0,0.0,0.0,0.0,0.0,0.0
6.175,0.0,0.0,0.0,0.0,0.0,0.0,0.0,0.0,0.0,0.0,0.0,0.0
6.1775,0.0,0.0,0.0,0.0,0.0,0.0,0.0,0.0,0.0,0.0,0.0,0.0
6.18,0.0,0.0,0.0,0.0,0.0,0.0,0.0,0.0,0.0,0.0,0.0,0.0
6.1825,0.0,0.0,0.0,0.0,0.0,0.0,0.0,0.0,0.0,0.0,0.0,0.0
6.185,0.0,0.0,0.0,0.0,0.0,0.0,0.0,0.0,0.0,0.0,0.0,0.0
6.1875,0.0,0.0,0.0,0.0,0.0,0.0,0.0,0.0,0.0,0.0,0.0,0.0
6.19,0.0,0.0,0.0,0.0,0.0,0.0,0.0,0.0,0.0,0.0,0.0,0.0
6.1925,0.0,0.0,0.0,0.0,0.0,0.0,0.0,0.0,0.0,0.0,0.0,0.0
6.195,0.0,0.0,0.0,0.0,0.0,0.0,0.0,0.0,0.0,0.0,0.0,0.0
6.1975,0.0,0.0,0.0,0.0,0.0,0.0,0.0,0.0,0.0,0.0,0.0,0.0
6.2,0.0,0.0,0.0,0.0,0.0,0.0,0.0,0.0,0.0,0.0,0.0,0.0
6.2025,0.0,0.0,0.0,0.0,0.0,0.0,0.0,0.0,0.0,0.0,0.0,0.0
6.205,0.0,0.0,0.0,0.0,0.0,0.0,0.0,0.0,0.0,0.0,0.0,0.0
6.2075,0.0,0.0,0.0,0.0,0.0,0.0,0.0,0.0,0.0,0.0,0.0,0.0
6.21,0.0,0.0,0.0,0.0,0.0,0.0,0.0,0.0,0.0,0.0,0.0,0.0
6.2125,0.0,0.0,0.0,0.0,0.0,0.0,0.0,0.0,0.0,0.0,0.0,0.0
6.215,0.0,0.0,0.0,0.0,0.0,0.0,0.0,0.0,0.0,0.0,0.0,0.0
6.2175,0.0,0.0,0.0,0.0,0.0,0.0,0.0,0.0,0.0,0.0,0.0,0.0
6.22,0.0,0.0,0.0,0.0,0.0,0.0,0.0,0.0,0.0,0.0,0.0,0.0
6.2225,0.0,0.0,0.0,0.0,0.0,0.0,0.0,0.0,0.0,0.0,0.0,0.0
6.225,0.0,0.0,0.0,0.0,0.0,0.0,0.0,0.0,0.0,0.0,0.0,0.0
6.2275,0.0,0.0,0.0,0.0,0.0,0.0,0.0,0.0,0.0,0.0,0.0,0.0
6.23,0.0,0.0,0.0,0.0,0.0,0.0,0.0,0.0,0.0,0.0,0.0,0.0
6.2325,0.0,0.0,0.0,0.0,0.0,0.0,0.0,0.0,0.0,0.0,0.0,0.0
6.235,0.0,0.0,0.0,0.0,0.0,0.0,0.0,0.0,0.0,0.0,0.0,0.0
6.2375,0.0,0.0,0.0,0.0,0.0,0.0,0.0,0.0,0.0,0.0,0.0,0.0
6.24,0.0,0.0,0.0,0.0,0.0,0.0,0.0,0.0,0.0,0.0,0.0,0.0
6.2425,0.0,0.0,0.0,0.0,0.0,0.0,0.0,0.0,0.0,0.0,0.0,0.0
6.245,0.0,0.0,0.0,0.0,0.0,0.0,0.0,0.0,0.0,0.0,0.0,0.0
6.2475,0.0,0.0,0.0,0.0,0.0,0.0,0.0,0.0,0.0,0.0,0.0,0.0
6.25,0.0,0.0,0.0,0.0,0.0,0.0,0.0,0.0,0.0,0.0,0.0,0.0
6.2525,0.0,0.0,0.0,0.0,0.0,0.0,0.0,0.0,0.0,0.0,0.0,0.0
6.255,0.0,0.0,0.0,0.0,0.0,0.0,0.0,0.0,0.0,0.0,0.0,0.0
6.2575,0.0,0.0,0.0,0.0,0.0,0.0,0.0,0.0,0.0,0.0,0.0,0.0
6.26,0.0,0.0,0.0,0.0,0.0,0.0,0.0,0.0,0.0,0.0,0.0,0.0
6.2625,0.0,0.0,0.0,0.0,0.0,0.0,0.0,0.0,0.0,0.0,0.0,0.0
6.265,0.0,0.0,0.0,0.0,0.0,0.0,0.0,0.0,0.0,0.0,0.0,0.0
6.2675,0.0,0.0,0.0,0.0,0.0,0.0,0.0,0.0,0.0,0.0,0.0,0.0
6.27,0.0,0.0,0.0,0.0,0.0,0.0,0.0,0.0,0.0,0.0,0.0,0.0
6.2725,0.0,0.0,0.0,0.0,0.0,0.0,0.0,0.0,0.0,0.0,0.0,0.0
6.275,0.0,0.0,0.0,0.0,0.0,0.0,0.0,0.0,0.0,0.0,0.0,0.0
6.2775,0.0,0.0,0.0,0.0,0.0,0.0,0.0,0.0,0.0,0.0,0.0,0.0
6.28,0.0,0.0,0.0,0.0,0.0,0.0,0.0,0.0,0.0,0.0,0.0,0.0
6.2825,0.0,0.0,0.0,0.0,0.0,0.0,0.0,0.0,0.0,0.0,0.0,0.0
6.285,0.0,0.0,0.0,0.0,0.0,0.0,0.0,0.0,0.0,0.0,0.0,0.0
6.2875,0.0,0.0,0.0,0.0,0.0,0.0,0.0,0.0,0.0,0.0,0.0,0.0
6.29,0.0,0.0,0.0,0.0,0.0,0.0,0.0,0.0,0.0,0.0,0.0,0.0
6.2925,0.0,0.0,0.0,0.0,0.0,0.0,0.0,0.0,0.0,0.0,0.0,0.0
6.295,0.0,0.0,0.0,0.0,0.0,0.0,0.0,0.0,0.0,0.0,0.0,0.0
6.2975,0.0,0.0,0.0,0.0,0.0,0.0,0.0,0.0,0.0,0.0,0.0,0.0
6.3,0.0,0.0,0.0,0.0,0.0,0.0,0.0,0.0,0.0,0.0,0.0,0.0
6.3025,0.0,0.0,0.0,0.0,0.0,0.0,0.0,0.0,0.0,0.0,0.0,0.0
6.305,0.0,0.0,0.0,0.0,0.0,0.0,0.0,0.0,0.0,0.0,0.0,0.0
6.3075,0.0,0.0,0.0,0.0,0.0,0.0,0.0,0.0,0.0,0.0,0.0,0.0
6.31,0.0,0.0,0.0,0.0,0.0,0.0,0.0,0.0,0.0,0.0,0.0,0.0
6.3125,0.0,0.0,0.0,0.0,0.0,0.0,0.0,0.0,0.0,0.0,0.0,0.0
6.315,0.0,0.0,0.0,0.0,0.0,0.0,0.0,0.0,0.0,0.0,0.0,0.0
6.3175,0.0,0.0,0.0,0.0,0.0,0.0,0.0,0.0,0.0,0.0,0.0,0.0
6.32,0.0,0.0,0.0,0.0,0.0,0.0,0.0,0.0,0.0,0.0,0.0,0.0
6.3225,0.0,0.0,0.0,0.0,0.0,0.0,0.0,0.0,0.0,0.0,0.0,0.0
6.325,0.0,0.0,0.0,0.0,0.0,0.0,0.0,0.0,0.0,0.0,0.0,0.0
6.3275,0.0,0.0,0.0,0.0,0.0,0.0,0.0,0.0,0.0,0.0,0.0,0.0
6.33,0.0,0.0,0.0,0.0,0.0,0.0,0.0,0.0,0.0,0.0,0.0,0.0
6.3325,0.0,0.0,0.0,0.0,0.0,0.0,0.0,0.0,0.0,0.0,0.0,0.0
6.335,0.0,0.0,0.0,0.0,0.0,0.0,0.0,0.0,0.0,0.0,0.0,0.0
6.3375,0.0,0.0,0.0,0.0,0.0,0.0,0.0,0.0,0.0,0.0,0.0,0.0
6.34,0.0,0.0,0.0,0.0,0.0,0.0,0.0,0.0,0.0,0.0,0.0,0.0
6.3425,0.0,0.0,0.0,0.0,0.0,0.0,0.0,0.0,0.0,0.0,0.0,0.0
6.345,0.0,0.0,0.0,0.0,0.0,0.0,0.0,0.0,0.0,0.0,0.0,0.0
6.3475,0.0,0.0,0.0,0.0,0.0,0.0,0.0,0.0,0.0,0.0,0.0,0.0
6.35,0.0,0.0,0.0,0.0,0.0,0.0,0.0,0.0,0.0,0.0,0.0,0.0
6.3525,0.0,0.0,0.0,0.0,0.0,0.0,0.0,0.0,0.0,0.0,0.0,0.0
6.355,0.0,0.0,0.0,0.0,0.0,0.0,0.0,0.0,0.0,0.0,0.0,0.0
6.3575,0.0,0.0,0.0,0.0,0.0,0.0,0.0,0.0,0.0,0.0,0.0,0.0
6.36,0.0,0.0,0.0,0.0,0.0,0.0,0.0,0.0,0.0,0.0,0.0,0.0
6.3625,0.0,0.0,0.0,0.0,0.0,0.0,0.0,0.0,0.0,0.0,0.0,0.0
6.365,0.0,0.0,0.0,0.0,0.0,0.0,0.0,0.0,0.0,0.0,0.0,0.0
6.3675,0.0,0.0,0.0,0.0,0.0,0.0,0.0,0.0,0.0,0.0,0.0,0.0
6.37,0.0,0.0,0.0,0.0,0.0,0.0,0.0,0.0,0.0,0.0,0.0,0.0
6.3725,0.0,0.0,0.0,0.0,0.0,0.0,0.0,0.0,0.0,0.0,0.0,0.0
6.375,0.0,0.0,0.0,0.0,0.0,0.0,0.0,0.0,0.0,0.0,0.0,0.0
6.3775,0.0,0.0,0.0,0.0,0.0,0.0,0.0,0.0,0.0,0.0,0.0,0.0
6.38,0.0,0.0,0.0,0.0,0.0,0.0,0.0,0.0,0.0,0.0,0.0,0.0
6.3825,0.0,0.0,0.0,0.0,0.0,0.0,0.0,0.0,0.0,0.0,0.0,0.0
6.385,0.0,0.0,0.0,0.0,0.0,0.0,0.0,0.0,0.0,0.0,0.0,0.0
6.3875,0.0,0.0,0.0,0.0,0.0,0.0,0.0,0.0,0.0,0.0,0.0,0.0
6.39,0.0,0.0,0.0,0.0,0.0,0.0,0.0,0.0,0.0,0.0,0.0,0.0
6.3925,0.0,0.0,0.0,0.0,0.0,0.0,0.0,0.0,0.0,0.0,0.0,0.0
6.395,0.0,0.0,0.0,0.0,0.0,0.0,0.0,0.0,0.0,0.0,0.0,0.0
6.3975,0.0,0.0,0.0,0.0,0.0,0.0,0.0,0.0,0.0,0.0,0.0,0.0
6.4,0.0,0.0,0.0,0.0,0.0,0.0,0.0,0.0,0.0,0.0,0.0,0.0
6.4025,0.0,0.0,0.0,0.0,0.0,0.0,0.0,0.0,0.0,0.0,0.0,0.0
6.405,0.0,0.0,0.0,0.0,0.0,0.0,0.0,0.0,0.0,0.0,0.0,0.0
6.4075,0.0,0.0,0.0,0.0,0.0,0.0,0.0,0.0,0.0,0.0,0.0,0.0
6.41,0.0,0.0,0.0,0.0,0.0,0.0,0.0,0.0,0.0,0.0,0.0,0.0
6.4125,0.0,0.0,0.0,0.0,0.0,0.0,0.0,0.0,0.0,0.0,0.0,0.0
6.415,0.0,0.0,0.0,0.0,0.0,0.0,0.0,0.0,0.0,0.0,0.0,0.0
6.4175,0.0,0.0,0.0,0.0,0.0,0.0,0.0,0.0,0.0,0.0,0.0,0.0
6.42,0.0,0.0,0.0,0.0,0.0,0.0,0.0,0.0,0.0,0.0,0.0,0.0
6.4225,0.0,0.0,0.0,0.0,0.0,0.0,0.0,0.0,0.0,0.0,0.0,0.0
6.425,0.0,0.0,0.0,0.0,0.0,0.0,0.0,0.0,0.0,0.0,0.0,0.0
6.4275,0.0,0.0,0.0,0.0,0.0,0.0,0.0,0.0,0.0,0.0,0.0,0.0
6.43,0.0,0.0,0.0,0.0,0.0,0.0,0.0,0.0,0.0,0.0,0.0,0.0
6.4325,0.0,0.0,0.0,0.0,0.0,0.0,0.0,0.0,0.0,0.0,0.0,0.0
6.435,0.0,0.0,0.0,0.0,0.0,0.0,0.0,0.0,0.0,0.0,0.0,0.0
6.4375,0.0,0.0,0.0,0.0,0.0,0.0,0.0,0.0,0.0,0.0,0.0,0.0
6.44,0.0,0.0,0.0,0.0,0.0,0.0,0.0,0.0,0.0,0.0,0.0,0.0
6.4425,0.0,0.0,0.0,0.0,0.0,0.0,0.0,0.0,0.0,0.0,0.0,0.0
6.445,0.0,0.0,0.0,0.0,0.0,0.0,0.0,0.0,0.0,0.0,0.0,0.0
6.4475,0.0,0.0,0.0,0.0,0.0,0.0,0.0,0.0,0.0,0.0,0.0,0.0
6.45,0.0,0.0,0.0,0.0,0.0,0.0,0.0,0.0,0.0,0.0,0.0,0.0
6.4525,0.0,0.0,0.0,0.0,0.0,0.0,0.0,0.0,0.0,0.0,0.0,0.0
6.455,0.0,0.0,0.0,0.0,0.0,0.0,0.0,0.0,0.0,0.0,0.0,0.0
6.4575,0.0,0.0,0.0,0.0,0.0,0.0,0.0,0.0,0.0,0.0,0.0,0.0
6.46,0.0,0.0,0.0,0.0,0.0,0.0,0.0,0.0,0.0,0.0,0.0,0.0
6.4625,0.0,0.0,0.0,0.0,0.0,0.0,0.0,0.0,0.0,0.0,0.0,0.0
6.465,0.0,0.0,0.0,0.0,0.0,0.0,0.0,0.0,0.0,0.0,0.0,0.0
6.4675,0.0,0.0,0.0,0.0,0.0,0.0,0.0,0.0,0.0,0.0,0.0,0.0
6.47,0.0,0.0,0.0,0.0,0.0,0.0,0.0,0.0,0.0,0.0,0.0,0.0
6.4725,0.0,0.0,0.0,0.0,0.0,0.0,0.0,0.0,0.0,0.0,0.0,0.0
6.475,0.0,0.0,0.0,0.0,0.0,0.0,0.0,0.0,0.0,0.0,0.0,0.0
6.4775,0.0,0.0,0.0,0.0,0.0,0.0,0.0,0.0,0.0,0.0,0.0,0.0
6.48,0.0,0.0,0.0,0.0,0.0,0.0,0.0,0.0,0.0,0.0,0.0,0.0
6.4825,0.0,0.0,0.0,0.0,0.0,0.0,0.0,0.0,0.0,0.0,0.0,0.0
6.485,0.0,0.0,0.0,0.0,0.0,0.0,0.0,0.0,0.0,0.0,0.0,0.0
6.4875,0.0,0.0,0.0,0.0,0.0,0.0,0.0,0.0,0.0,0.0,0.0,0.0
6.49,0.0,0.0,0.0,0.0,0.0,0.0,0.0,0.0,0.0,0.0,0.0,0.0
6.4925,0.0,0.0,0.0,0.0,0.0,0.0,0.0,0.0,0.0,0.0,0.0,0.0
6.495,0.0,0.0,0.0,0.0,0.0,0.0,0.0,0.0,0.0,0.0,0.0,0.0
6.4975,0.0,0.0,0.0,0.0,0.0,0.0,0.0,0.0,0.0,0.0,0.0,0.0
6.5,0.0,0.0,0.0,0.0,0.0,0.0,0.0,0.0,0.0,0.0,0.0,0.0
6.5025,0.0,0.0,0.0,0.0,0.0,0.0,0.0,0.0,0.0,0.0,0.0,0.0
6.505,0.0,0.0,0.0,0.0,0.0,0.0,0.0,0.0,0.0,0.0,0.0,0.0
6.5075,0.0,0.0,0.0,0.0,0.0,0.0,0.0,0.0,0.0,0.0,0.0,0.0
6.51,0.0,0.0,0.0,0.0,0.0,0.0,0.0,0.0,0.0,0.0,0.0,0.0
6.5125,0.0,0.0,0.0,0.0,0.0,0.0,0.0,0.0,0.0,0.0,0.0,0.0
6.515,0.0,0.0,0.0,0.0,0.0,0.0,0.0,0.0,0.0,0.0,0.0,0.0
6.5175,0.0,0.0,0.0,0.0,0.0,0.0,0.0,0.0,0.0,0.0,0.0,0.0
6.52,0.0,0.0,0.0,0.0,0.0,0.0,0.0,0.0,0.0,0.0,0.0,0.0
6.5225,0.0,0.0,0.0,0.0,0.0,0.0,0.0,0.0,0.0,0.0,0.0,0.0
6.525,0.0,0.0,0.0,0.0,0.0,0.0,0.0,0.0,0.0,0.0,0.0,0.0
6.5275,0.0,0.0,0.0,0.0,0.0,0.0,0.0,0.0,0.0,0.0,0.0,0.0
6.53,0.0,0.0,0.0,0.0,0.0,0.0,0.0,0.0,0.0,0.0,0.0,0.0
6.5325,0.0,0.0,0.0,0.0,0.0,0.0,0.0,0.0,0.0,0.0,0.0,0.0
6.535,0.0,0.0,0.0,0.0,0.0,0.0,0.0,0.0,0.0,0.0,0.0,0.0
6.5375,0.0,0.0,0.0,0.0,0.0,0.0,0.0,0.0,0.0,0.0,0.0,0.0
6.54,0.0,0.0,0.0,0.0,0.0,0.0,0.0,0.0,0.0,0.0,0.0,0.0
6.5425,0.0,0.0,0.0,0.0,0.0,0.0,0.0,0.0,0.0,0.0,0.0,0.0
6.545,0.0,0.0,0.0,0.0,0.0,0.0,0.0,0.0,0.0,0.0,0.0,0.0
6.5475,0.0,0.0,0.0,0.0,0.0,0.0,0.0,0.0,0.0,0.0,0.0,0.0
6.55,0.0,0.0,0.0,0.0,0.0,0.0,0.0,0.0,0.0,0.0,0.0,0.0
6.5525,0.0,0.0,0.0,0.0,0.0,0.0,0.0,0.0,0.0,0.0,0.0,0.0
6.555,0.0,0.0,0.0,0.0,0.0,0.0,0.0,0.0,0.0,0.0,0.0,0.0
6.5575,0.0,0.0,0.0,0.0,0.0,0.0,0.0,0.0,0.0,0.0,0.0,0.0
6.56,0.0,0.0,0.0,0.0,0.0,0.0,0.0,0.0,0.0,0.0,0.0,0.0
6.5625,0.0,0.0,0.0,0.0,0.0,0.0,0.0,0.0,0.0,0.0,0.0,0.0
6.565,0.0,0.0,0.0,0.0,0.0,0.0,0.0,0.0,0.0,0.0,0.0,0.0
6.5675,0.0,0.0,0.0,0.0,0.0,0.0,0.0,0.0,0.0,0.0,0.0,0.0
6.57,0.0,0.0,0.0,0.0,0.0,0.0,0.0,0.0,0.0,0.0,0.0,0.0
6.5725,0.0,0.0,0.0,0.0,0.0,0.0,0.0,0.0,0.0,0.0,0.0,0.0
6.575,0.0,0.0,0.0,0.0,0.0,0.0,0.0,0.0,0.0,0.0,0.0,0.0
6.5775,0.0,0.0,0.0,0.0,0.0,0.0,0.0,0.0,0.0,0.0,0.0,0.0
6.58,0.0,0.0,0.0,0.0,0.0,0.0,0.0,0.0,0.0,0.0,0.0,0.0
6.5825,0.0,0.0,0.0,0.0,0.0,0.0,0.0,0.0,0.0,0.0,0.0,0.0
6.585,0.0,0.0,0.0,0.0,0.0,0.0,0.0,0.0,0.0,0.0,0.0,0.0
6.5875,0.0,0.0,0.0,0.0,0.0,0.0,0.0,0.0,0.0,0.0,0.0,0.0
6.59,0.0,0.0,0.0,0.0,0.0,0.0,0.0,0.0,0.0,0.0,0.0,0.0
6.5925,0.0,0.0,0.0,0.0,0.0,0.0,0.0,0.0,0.0,0.0,0.0,0.0
6.595,0.0,0.0,0.0,0.0,0.0,0.0,0.0,0.0,0.0,0.0,0.0,0.0
6.5975,0.0,0.0,0.0,0.0,0.0,0.0,0.0,0.0,0.0,0.0,0.0,0.0
6.6,0.0,0.0,0.0,0.0,0.0,0.0,0.0,0.0,0.0,0.0,0.0,0.0
6.6025,0.0,0.0,0.0,0.0,0.0,0.0,0.0,0.0,0.0,0.0,0.0,0.0
6.605,0.0,0.0,0.0,0.0,0.0,0.0,0.0,0.0,0.0,0.0,0.0,0.0
6.6075,0.0,0.0,0.0,0.0,0.0,0.0,0.0,0.0,0.0,0.0,0.0,0.0
6.61,0.0,0.0,0.0,0.0,0.0,0.0,0.0,0.0,0.0,0.0,0.0,0.0
6.6125,0.0,0.0,0.0,0.0,0.0,0.0,0.0,0.0,0.0,0.0,0.0,0.0
6.615,0.0,0.0,0.0,0.0,0.0,0.0,0.0,0.0,0.0,0.0,0.0,0.0
6.6175,0.0,0.0,0.0,0.0,0.0,0.0,0.0,0.0,0.0,0.0,0.0,0.0
6.62,0.0,0.0,0.0,0.0,0.0,0.0,0.0,0.0,0.0,0.0,0.0,0.0
6.6225,0.0,0.0,0.0,0.0,0.0,0.0,0.0,0.0,0.0,0.0,0.0,0.0
6.625,0.0,0.0,0.0,0.0,0.0,0.0,0.0,0.0,0.0,0.0,0.0,0.0
6.6275,0.0,0.0,0.0,0.0,0.0,0.0,0.0,0.0,0.0,0.0,0.0,0.0
6.63,0.0,0.0,0.0,0.0,0.0,0.0,0.0,0.0,0.0,0.0,0.0,0.0
6.6325,0.0,0.0,0.0,0.0,0.0,0.0,0.0,0.0,0.0,0.0,0.0,0.0
6.635,0.0,0.0,0.0,0.0,0.0,0.0,0.0,0.0,0.0,0.0,0.0,0.0
6.6375,0.0,0.0,0.0,0.0,0.0,0.0,0.0,0.0,0.0,0.0,0.0,0.0
6.64,0.0,0.0,0.0,0.0,0.0,0.0,0.0,0.0,0.0,0.0,0.0,0.0
6.6425,0.0,0.0,0.0,0.0,0.0,0.0,0.0,0.0,0.0,0.0,0.0,0.0
6.645,0.0,0.0,0.0,0.0,0.0,0.0,0.0,0.0,0.0,0.0,0.0,0.0
6.6475,0.0,0.0,0.0,0.0,0.0,0.0,0.0,0.0,0.0,0.0,0.0,0.0
6.65,0.0,0.0,0.0,0.0,0.0,0.0,0.0,0.0,0.0,0.0,0.0,0.0
6.6525,0.0,0.0,0.0,0.0,0.0,0.0,0.0,0.0,0.0,0.0,0.0,0.0
6.655,0.0,0.0,0.0,0.0,0.0,0.0,0.0,0.0,0.0,0.0,0.0,0.0
6.6575,0.0,0.0,0.0,0.0,0.0,0.0,0.0,0.0,0.0,0.0,0.0,0.0
6.66,0.0,0.0,0.0,0.0,0.0,0.0,0.0,0.0,0.0,0.0,0.0,0.0
6.6625,0.0,0.0,0.0,0.0,0.0,0.0,0.0,0.0,0.0,0.0,0.0,0.0
6.665,0.0,0.0,0.0,0.0,0.0,0.0,0.0,0.0,0.0,0.0,0.0,0.0
6.6675,0.0,0.0,0.0,0.0,0.0,0.0,0.0,0.0,0.0,0.0,0.0,0.0
6.67,0.0,0.0,0.0,0.0,0.0,0.0,0.0,0.0,0.0,0.0,0.0,0.0
6.6725,0.0,0.0,0.0,0.0,0.0,0.0,0.0,0.0,0.0,0.0,0.0,0.0
6.675,0.0,0.0,0.0,0.0,0.0,0.0,0.0,0.0,0.0,0.0,0.0,0.0
6.6775,0.0,0.0,0.0,0.0,0.0,0.0,0.0,0.0,0.0,0.0,0.0,0.0
6.68,0.0,0.0,0.0,0.0,0.0,0.0,0.0,0.0,0.0,0.0,0.0,0.0
6.6825,0.0,0.0,0.0,0.0,0.0,0.0,0.0,0.0,0.0,0.0,0.0,0.0
6.685,0.0,0.0,0.0,0.0,0.0,0.0,0.0,0.0,0.0,0.0,0.0,0.0
6.6875,0.0,0.0,0.0,0.0,0.0,0.0,0.0,0.0,0.0,0.0,0.0,0.0
6.69,0.0,0.0,0.0,0.0,0.0,0.0,0.0,0.0,0.0,0.0,0.0,0.0
6.6925,0.0,0.0,0.0,0.0,0.0,0.0,0.0,0.0,0.0,0.0,0.0,0.0
6.695,0.0,0.0,0.0,0.0,0.0,0.0,0.0,0.0,0.0,0.0,0.0,0.0
6.6975,0.0,0.0,0.0,0.0,0.0,0.0,0.0,0.0,0.0,0.0,0.0,0.0
6.7,0.0,0.0,0.0,0.0,0.0,0.0,0.0,0.0,0.0,0.0,0.0,0.0
6.7025,0.0,0.0,0.0,0.0,0.0,0.0,0.0,0.0,0.0,0.0,0.0,0.0
6.705,0.0,0.0,0.0,0.0,0.0,0.0,0.0,0.0,0.0,0.0,0.0,0.0
6.7075,0.0,0.0,0.0,0.0,0.0,0.0,0.0,0.0,0.0,0.0,0.0,0.0
6.71,0.0,0.0,0.0,0.0,0.0,0.0,0.0,0.0,0.0,0.0,0.0,0.0
6.7125,0.0,0.0,0.0,0.0,0.0,0.0,0.0,0.0,0.0,0.0,0.0,0.0
6.715,0.0,0.0,0.0,0.0,0.0,0.0,0.0,0.0,0.0,0.0,0.0,0.0
6.7175,0.0,0.0,0.0,0.0,0.0,0.0,0.0,0.0,0.0,0.0,0.0,0.0
6.72,0.0,0.0,0.0,0.0,0.0,0.0,0.0,0.0,0.0,0.0,0.0,0.0
6.7225,0.0,0.0,0.0,0.0,0.0,0.0,0.0,0.0,0.0,0.0,0.0,0.0
6.725,0.0,0.0,0.0,0.0,0.0,0.0,0.0,0.0,0.0,0.0,0.0,0.0
6.7275,0.0,0.0,0.0,0.0,0.0,0.0,0.0,0.0,0.0,0.0,0.0,0.0
6.73,0.0,0.0,0.0,0.0,0.0,0.0,0.0,0.0,0.0,0.0,0.0,0.0
6.7325,0.0,0.0,0.0,0.0,0.0,0.0,0.0,0.0,0.0,0.0,0.0,0.0
6.735,0.0,0.0,0.0,0.0,0.0,0.0,0.0,0.0,0.0,0.0,0.0,0.0
6.7375,0.0,0.0,0.0,0.0,0.0,0.0,0.0,0.0,0.0,0.0,0.0,0.0
6.74,0.0,0.0,0.0,0.0,0.0,0.0,0.0,0.0,0.0,0.0,0.0,0.0
6.7425,0.0,0.0,0.0,0.0,0.0,0.0,0.0,0.0,0.0,0.0,0.0,0.0
6.745,0.0,0.0,0.0,0.0,0.0,0.0,0.0,0.0,0.0,0.0,0.0,0.0
6.7475,0.0,0.0,0.0,0.0,0.0,0.0,0.0,0.0,0.0,0.0,0.0,0.0
6.75,0.0,0.0,0.0,0.0,0.0,0.0,0.0,0.0,0.0,0.0,0.0,0.0
6.7525,0.0,0.0,0.0,0.0,0.0,0.0,0.0,0.0,0.0,0.0,0.0,0.0
6.755,0.0,0.0,0.0,0.0,0.0,0.0,0.0,0.0,0.0,0.0,0.0,0.0
6.7575,0.0,0.0,0.0,0.0,0.0,0.0,0.0,0.0,0.0,0.0,0.0,0.0
6.76,0.0,0.0,0.0,0.0,0.0,0.0,0.0,0.0,0.0,0.0,0.0,0.0
6.7625,0.0,0.0,0.0,0.0,0.0,0.0,0.0,0.0,0.0,0.0,0.0,0.0
6.765,0.0,0.0,0.0,0.0,0.0,0.0,0.0,0.0,0.0,0.0,0.0,0.0
6.7675,0.0,0.0,0.0,0.0,0.0,0.0,0.0,0.0,0.0,0.0,0.0,0.0
6.77,0.0,0.0,0.0,0.0,0.0,0.0,0.0,0.0,0.0,0.0,0.0,0.0
6.7725,0.0,0.0,0.0,0.0,0.0,0.0,0.0,0.0,0.0,0.0,0.0,0.0
6.775,0.0,0.0,0.0,0.0,0.0,0.0,0.0,0.0,0.0,0.0,0.0,0.0
6.7775,0.0,0.0,0.0,0.0,0.0,0.0,0.0,0.0,0.0,0.0,0.0,0.0
6.78,0.0,0.0,0.0,0.0,0.0,0.0,0.0,0.0,0.0,0.0,0.0,0.0
6.7825,0.0,0.0,0.0,0.0,0.0,0.0,0.0,0.0,0.0,0.0,0.0,0.0
6.785,0.0,0.0,0.0,0.0,0.0,0.0,0.0,0.0,0.0,0.0,0.0,0.0
6.7875,0.0,0.0,0.0,0.0,0.0,0.0,0.0,0.0,0.0,0.0,0.0,0.0
6.79,0.0,0.0,0.0,0.0,0.0,0.0,0.0,0.0,0.0,0.0,0.0,0.0
6.7925,0.0,0.0,0.0,0.0,0.0,0.0,0.0,0.0,0.0,0.0,0.0,0.0
6.795,0.0,0.0,0.0,0.0,0.0,0.0,0.0,0.0,0.0,0.0,0.0,0.0
6.7975,0.0,0.0,0.0,0.0,0.0,0.0,0.0,0.0,0.0,0.0,0.0,0.0
6.8,0.0,0.0,0.0,0.0,0.0,0.0,0.0,0.0,0.0,0.0,0.0,0.0
6.8025,0.0,0.0,0.0,0.0,0.0,0.0,0.0,0.0,0.0,0.0,0.0,0.0
6.805,0.0,0.0,0.0,0.0,0.0,0.0,0.0,0.0,0.0,0.0,0.0,0.0
6.8075,0.0,0.0,0.0,0.0,0.0,0.0,0.0,0.0,0.0,0.0,0.0,0.0
6.81,0.0,0.0,0.0,0.0,0.0,0.0,0.0,0.0,0.0,0.0,0.0,0.0
6.8125,0.0,0.0,0.0,0.0,0.0,0.0,0.0,0.0,0.0,0.0,0.0,0.0
6.815,0.0,0.0,0.0,0.0,0.0,0.0,0.0,0.0,0.0,0.0,0.0,0.0
6.8175,0.0,0.0,0.0,0.0,0.0,0.0,0.0,0.0,0.0,0.0,0.0,0.0
6.82,0.0,0.0,0.0,0.0,0.0,0.0,0.0,0.0,0.0,0.0,0.0,0.0
6.8225,0.0,0.0,0.0,0.0,0.0,0.0,0.0,0.0,0.0,0.0,0.0,0.0
6.825,0.0,0.0,0.0,0.0,0.0,0.0,0.0,0.0,0.0,0.0,0.0,0.0
6.8275,0.0,0.0,0.0,0.0,0.0,0.0,0.0,0.0,0.0,0.0,0.0,0.0
6.83,0.0,0.0,0.0,0.0,0.0,0.0,0.0,0.0,0.0,0.0,0.0,0.0
6.8325,0.0,0.0,0.0,0.0,0.0,0.0,0.0,0.0,0.0,0.0,0.0,0.0
6.835,0.0,0.0,0.0,0.0,0.0,0.0,0.0,0.0,0.0,0.0,0.0,0.0
6.8375,0.0,0.0,0.0,0.0,0.0,0.0,0.0,0.0,0.0,0.0,0.0,0.0
6.84,0.0,0.0,0.0,0.0,0.0,0.0,0.0,0.0,0.0,0.0,0.0,0.0
6.8425,0.0,0.0,0.0,0.0,0.0,0.0,0.0,0.0,0.0,0.0,0.0,0.0
6.845,0.0,0.0,0.0,0.0,0.0,0.0,0.0,0.0,0.0,0.0,0.0,0.0
6.8475,0.0,0.0,0.0,0.0,0.0,0.0,0.0,0.0,0.0,0.0,0.0,0.0
6.85,0.0,0.0,0.0,0.0,0.0,0.0,0.0,0.0,0.0,0.0,0.0,0.0
6.8525,0.0,0.0,0.0,0.0,0.0,0.0,0.0,0.0,0.0,0.0,0.0,0.0
6.855,0.0,0.0,0.0,0.0,0.0,0.0,0.0,0.0,0.0,0.0,0.0,0.0
6.8575,0.0,0.0,0.0,0.0,0.0,0.0,0.0,0.0,0.0,0.0,0.0,0.0
6.86,0.0,0.0,0.0,0.0,0.0,0.0,0.0,0.0,0.0,0.0,0.0,0.0
6.8625,0.0,0.0,0.0,0.0,0.0,0.0,0.0,0.0,0.0,0.0,0.0,0.0
6.865,0.0,0.0,0.0,0.0,0.0,0.0,0.0,0.0,0.0,0.0,0.0,0.0
6.8675,0.0,0.0,0.0,0.0,0.0,0.0,0.0,0.0,0.0,0.0,0.0,0.0
6.87,0.0,0.0,0.0,0.0,0.0,0.0,0.0,0.0,0.0,0.0,0.0,0.0
6.8725,0.0,0.0,0.0,0.0,0.0,0.0,0.0,0.0,0.0,0.0,0.0,0.0
6.875,0.0,0.0,0.0,0.0,0.0,0.0,0.0,0.0,0.0,0.0,0.0,0.0
6.8775,0.0,0.0,0.0,0.0,0.0,0.0,0.0,0.0,0.0,0.0,0.0,0.0
6.88,0.0,0.0,0.0,0.0,0.0,0.0,0.0,0.0,0.0,0.0,0.0,0.0
6.8825,0.0,0.0,0.0,0.0,0.0,0.0,0.0,0.0,0.0,0.0,0.0,0.0
6.885,0.0,0.0,0.0,0.0,0.0,0.0,0.0,0.0,0.0,0.0,0.0,0.0
6.8875,0.0,0.0,0.0,0.0,0.0,0.0,0.0,0.0,0.0,0.0,0.0,0.0
6.89,0.0,0.0,0.0,0.0,0.0,0.0,0.0,0.0,0.0,0.0,0.0,0.0
6.8925,0.0,0.0,0.0,0.0,0.0,0.0,0.0,0.0,0.0,0.0,0.0,0.0
6.895,0.0,0.0,0.0,-59.67650843905641,299.1624004874274,664.1725316815482,0.0,0.0,0.0,0.0,0.0,0.0
6.8975,222.74253807845585,-216.15563159790366,620.2616128108538,-178.39613020427512,-145.71060225484248,167.14225823824904,0.0,0.0,0.0,-263.4218316667128,-229.3475692997222,721.3421683501003
6.9,112.45593579960106,188.34220669239093,247.07411274016545,-3.1055841877778816,2.999998021956415,60.70899996743826,87.38584434225292,81.2920762825076,695.4599412115158,-263.4218316667128,-229.3475692997222,721.3421683501003
6.9025,29.657977128006586,-3.8166525389444392,86.73014635358408,-27.78774789138028,15.145164257699337,24.4685993659525,26.703376914986507,-13.650048118764452,53.954109793824024,2.514063662894848,-19.238991868472194,35.89253769916703
6.905,16.838783531117453,-2.303098866781533,68.33897759791103,-30.17522662244029,9.104933169317647,39.28200109716759,32.5845115302244,6.559756359162093,59.88646033147438,-2.433377477334083,-24.42031447369711,43.89731311446001
6.9075,11.34766712334549,0.9757937660374519,60.710114238359466,-31.718301850958674,10.694927535705862,48.547178899133115,32.053835594410764,14.059080197372921,58.5036082509629,-2.3047480291391564,-26.767539689563662,44.69682459685495
6.91,8.316052692974482,2.249732334968951,57.00047307554895,-32.86342798191249,11.669050339349878,53.75611002820168,31.2578148607795,16.02648062823601,56.5577875925578,-1.617189034529243,-26.579531723743866,45.63679176517952
6.9125,6.38906571920901,2.845787205693205,54.77181218394627,-33.855316324237585,12.577723796352878,57.074166650069984,30.570381519658543,15.801080596943713,54.68523351191267,-0.7325542666944476,-26.211156291732372,47.424614526383245
6.915,5.373430381075132,2.873575309413812,53.19365930678032,-34.51497075533775,12.819713663685345,58.40743072121842,30.02142650687213,15.110848643404541,53.1182916894714,0.39598535043428856,-26.345433725700776,49.89890067044092
6.9175,4.571168914261003,3.004787866960866,51.83249437901975,-35.21724270651023,13.256335907718828,59.68724284198859,29.59420767708669,14.3466321594072,51.964009760651216,1.6145979225694078,-26.484411497996426,51.87227174793019
6.92,4.717524876658907,3.018640944259329,50.79638529099064,-35.74469716853013,13.500320883681416,60.84199571188471,29.19690502464888,13.640477868981677,50.66240590590201,1.3152878096970353,-26.630014731870535,54.047312032968414
6.9225,5.096370246606997,3.030345849447745,49.82251295481106,-36.18869084654738,13.744633342608555,61.40893576114556,28.844880330603857,12.887924703322627,49.78815406001679,1.5214241671855202,-26.80226273333037,55.780484455581146
6.925,5.098732122437931,3.1263604371649842,48.81725466443666,-36.569485110872755,14.09508059694832,61.58893922186276,28.58154048771441,12.196162005342641,49.497831935712846,2.7505658942402125,-26.913924759194376,57.09086386370825
6.9275,4.9956825971057865,3.260329635911883,47.869353807887705,-36.938925385789716,14.490273121553548,61.84174149819779,28.43870448754986,11.5126507469476,49.34691066668391,3.8040633387572944,-26.99374354248411,58.30910351003527
6.93,4.842269449447286,3.3394680422442984,46.99870678150335,-37.256756129178356,14.744159928370475,62.10022101358673,28.33301802664624,10.99904883316914,49.254014047550555,4.733689188511812,-27.00527201645202,59.35451349683248
6.9325,4.700742567880774,3.355786164883926,46.202418499112014,-37.50962192481361,14.831528789106377,62.25087361165427,28.247401423935244,10.581491318138445,49.14721467310335,5.549201531395857,-26.983551762362023,60.40480088310805
6.935,4.564617012921422,3.6219635408164583,45.49469963092206,-37.73300796286011,15.410099114909073,62.63002843917002,27.92933342745815,9.941423056433338,48.690011036409246,6.212015173810293,-26.977546286115828,61.707928820887076
6.9375,4.412334990783165,3.6111704427631763,44.844826352214575,-37.91939011482624,15.455138092701693,62.73187788408286,27.7837047751842,9.546421919731358,48.42030968559675,6.884843024884055,-26.959328131224087,62.59677236517142
6.94,4.2178437796038875,3.641357241295052,44.238081529803935,-38.147094845944835,15.554223581953826,62.994742078941925,27.67737246763334,9.182976027574652,48.20944693705303,7.463038256411414,-26.900873599256734,63.32046421133015
6.9425,3.9897501786416125,3.7126356709218067,43.668478468594046,-38.35843926328415,15.735408921321177,63.29755247376656,27.581796429517205,8.773942383249954,48.0008671334423,7.989104570853659,-26.84485292124426,63.98754711122639
6.945,3.776787381181178,3.74641583849869,43.155148578256316,-38.54888603060842,15.826201358735734,63.57033170253392,27.49158228079621,8.44982746948336,47.796425833510284,8.44716996043389,-26.75671489770262,64.5834066443158
6.9475,3.6011020015044166,3.758790959519466,42.69765602735587,-38.68680898214308,15.850657782495711,63.76974030834302,27.373237775477474,8.20147584906679,47.53837139154926,8.835121071270757,-26.63725568158932,65.26228302374462
6.95,5.395519665121582,5.99035556685077,45.18709092957826,-37.73278879487421,18.526283143006168,59.98690922568038,31.58237379275031,9.49611510293362,62.58920257877743,11.994053685342857,-24.69080292307058,58.478239498479766
6.9525,2.2705327705056,2.39989106034949,43.195381394258554,-38.782640183242016,14.48853293474425,64.13387520089613,24.945061993954823,6.298309177170772,39.66703291218653,8.057377485843341,-27.78283894177827,66.23244648993484
6.955,2.026553335817779,2.980279611373509,42.24620304433414,-39.206418953985654,14.883700537498584,65.3729960289686,26.347710383111384,7.225003679692892,43.192633801515704,8.344903371754738,-26.782363068740047,67.4428235396008
6.9575,2.2151034792100797,3.456547702630134,41.64933631781424,-39.31763982494117,15.469302639223452,65.42215656235075,26.69293164965656,7.267741926788528,44.98393891553635,9.18401831303147,-26.301215460666846,67.50880832636884
6.96,2.3694556409238485,3.7180749618326008,41.222513765201455,-39.363892461896796,15.880298994657744,65.27302466751001,26.739315789162507,6.983025317055174,45.68731787330152,9.841583490982915,-26.093749147595606,67.63151437293754
6.9625,4.187416322338025,5.803576937284307,43.509217321262085,-38.4356574160887,18.334854921747333,61.5134322824194,30.866597852044674,8.25099757198122,60.13362043773225,12.89668539866585,-24.202388519294782,61.02539464239828
6.965,1.3780546405517946,2.429536616825689,41.609752293522945,-39.26293420366688,14.502085588751324,65.15007442365054,24.749234211095107,5.388722691861189,38.78170573219832,9.15944518623112,-27.049900818547876,68.38016431179993
6.9675,1.4886171483288129,3.236004278693724,41.00631333570902,-39.60446352499808,15.259549146603511,65.90726757675284,26.21687405605084,6.264193256963012,43.3560461291206,9.750641358809688,-25.987336963137466,68.88466128886752
6.97,1.7339008512934015,3.59166512329056,40.59598282288567,-39.651836712050745,15.708099259024877,65.78990587850791,26.457588475952026,6.235242007484027,44.756504690625086,10.447652423982422,-25.607438889044598,68.80410408207223
6.9725,1.8947403609127147,3.7868157293198363,40.28751265741389,-39.687894111052955,16.02752830267702,65.61225486247164,26.48525499683921,5.95648452752665,45.28797042329188,10.986809386802875,-25.43085615755214,68.90302929817503
6.975,1.9872516257840858,3.8859881013764235,40.05037843811595,-39.73092477515937,16.205589026152886,65.47524869326556,26.48061781913016,5.682261143633352,45.52839659338608,11.367147759462085,-25.29534116503267,69.06444878484427
6.9775,-1.2544323778268094,5.594645424803925,33.52001686174916,-44.99694731084881,17.73785053115617,82.65515202854041,25.596846071401366,7.83639450534638,41.629157452887064,9.749161851109577,-23.156413465825676,72.07532415601685
6.98,3.4340269215387957,2.4205154788844028,38.84219006128416,-36.73263534496609,14.613175312270098,55.79194980244513,26.36406587469796,3.930653821940439,46.11013649266912,13.261320750965957,-26.42901081882486,70.28516977634682
6.9825,3.345488923441902,3.651037461818129,39.42821687442328,-38.96327219255138,16.30216989885671,62.06511372629875,26.497399661424456,4.167441144988399,46.79989686452067,13.220334821431264,-25.526659626395467,70.25721363045372
6.985,2.8401748672020446,3.98215145332395,39.281204514663244,-39.7247454927877,16.682263652798934,64.07724942864249,26.477548580594416,4.271328840188111,46.51110124293886,13.010882635776388,-25.075173778717833,70.15187925605588
6.9875,2.406848190837435,4.021455676210187,39.090055963564026,-39.910349891369904,16.627960726156854,64.92762217605662,26.39592498624224,4.366478105435954,46.05690245971542,12.799287074842663,-24.752310428785517,70.23440723961635
6.99,2.0827131184852212,4.003853711724561,38.941743537303445,-39.98630019382955,16.53680333640678,65.37855426953749,26.349344335221257,4.3417297459343525,45.71092355882375,12.671899010956691,-24.52163281977364,70.324272402554
6.9925,1.8625696577177284,3.9700239971979463,38.83840401441968,-40.02501889016115,16.426435961725755,65.64704031813503,26.2927374759701,4.299096810162035,45.42527071048261,12.59899356859153,-24.313077049142706,70.46471586841454
6.995,1.689041852727835,3.915627512182927,38.735364681156064,-40.08749941170206,16.295871768252017,65.85110134646065,26.286049292682677,4.230213676722402,45.23633025724595,12.583020831759352,-24.125719662985635,70.5419412774868
6.9975,1.5885900763039682,3.8789922367950473,38.66214412121846,-40.104445957346535,16.18779894688807,65.9814726579259,26.232396065549683,4.178786403886343,45.07166185239109,12.565576430936492,-23.931563626758212,70.67247736353083
7.0,1.4985244701766647,3.8562488728694855,38.58399599134903,-40.14771438579968,16.131177399732017,66.08786186489235,26.230919918607388,4.052239170532776,44.969129119133655,12.57855861257231,-23.766526628729228,70.73834212229629
7.0025,1.4546312956424006,3.849694379920867,38.53652373919265,-40.159137680778805,16.096295840081527,66.12603979971243,26.20307191669097,3.9368254779795535,44.89523167601583,12.610764772741755,-23.594237637466218,70.84680933161994
7.005,1.4175277245288356,3.8253545047540523,38.47984480430495,-40.18731680525146,16.043172125693523,66.16482862994572,26.183676048394528,3.7944929648676204,44.829212031566854,12.652470885103568,-23.443472922197458,70.91434130571028
7.0075,1.3960121462446013,3.809793423167681,38.43078802206096,-40.20912071207676,15.998204763161686,66.1887094994055,26.167695106584322,3.6741805898545943,44.80119432320586,12.70465268884829,-23.280235141656462,70.97799730940108
7.01,1.3760346517612976,3.801123597512376,38.384824481651336,-40.228133832310895,15.96598586343446,66.21124036265127,26.15568648510884,3.5440071987558714,44.76868730686756,12.746665553006963,-23.11817178031851,71.03895787925092
7.0125,1.3793574183081159,3.802874676983524,38.355829117320624,-40.25002026382225,15.962491903035165,66.21821975573565,26.12039066805291,3.393459571201896,44.72899512184916,12.784132464756121,-22.968861298373994,71.108255082055
7.015,1.3703114024218226,3.7788132309243085,38.31749695025888,-40.270477935461535,15.903152099117424,66.2226040268068,26.13348384826895,3.2834111470199687,44.727643109831114,12.824701112974154,-22.807324715503473,71.14235325222978
7.0175,1.3579229529072443,3.761882550452034,38.27832028510708,-40.26924888554941,15.853088624215406,66.22160350019968,26.131789087949155,3.1644972742167443,44.71526540412016,12.85467914702538,-22.647031039969878,71.19602805754886
7.02,1.3594192455857663,3.7563709202502245,38.25411592532468,-40.27638142913032,15.823302353253279,66.22770081570297,26.105094380186674,3.052603352836759,44.68279221431783,12.880019493784136,-22.483733068570917,71.26162492669197
7.0225,-2.190893635561565,5.33653929052009,31.8309344554975,-44.59484998790734,17.064121226726492,83.47129698946144,25.258647222989122,5.844083360617938,41.309105624067485,10.787528231144925,-20.056215180656984,74.03464705415512
7.025,2.639557439464692,2.0837067905053073,37.550467230764234,-37.15038313274024,13.916898463773649,56.48737754239235,25.913450137896216,1.4442490949228364,44.755698894311166,14.328354680922512,-23.662375256482044,72.07258954180072
7.0275,2.4533821696933598,3.2084178692051313,38.38794098128325,-38.81067117816208,15.291490878983595,62.707237133852885,26.19541569079101,2.090922516834905,45.87125339020375,13.885737544769324,-22.59641585068263,71.85905785516117
7.03,1.9223451573790034,3.5528977664297283,38.20129683907756,-39.50606261211398,15.619256690285665,64.80068146112649,26.17676470430413,2.3895841092640637,45.60102909318192,13.469465873338443,-22.052118518356036,71.63921846611336
7.0325,1.5970082940635002,3.6281967112468156,38.07605097345746,-39.914791374082284,15.627645212024655,65.70595584112449,26.142148857712645,2.472443652030773,45.190296226843394,13.211286289861917,-21.748177926698293,71.53241542694886
7.035,1.409524246213155,3.643877538964224,38.02511738627884,-40.11367408837518,15.605613442970018,66.14979543392165,26.094303471364885,2.433722890452382,44.86646952359261,13.050048890107433,-21.536096773560228,71.49374994830579
7.0375,1.316468602657988,3.6305854977491885,38.020703226154225,-40.20669787895228,15.553370890709381,66.35201935963873,26.067013372269006,2.3538484285716748,44.67344863062995,12.947461995465734,-21.367037528779072,71.50213581569008
7.04,1.2523130711375952,3.597614477210342,37.991856475991334,-40.243176572838884,15.463455501165255,66.45709324012499,26.074229898471874,2.297721772217642,44.573978926106015,12.888897526377837,-21.192605687671627,71.50958563003253
7.0425,1.2262372062780063,3.5691174078848755,37.99468969715219,-40.23824729845098,15.383886940401045,66.49403845208415,26.05828112587879,2.2299169750029675,44.50267466702627,12.845754422108259,-21.027924746904752,71.54488939855105
7.045,-2.1646398668991145,5.1916100056335255,31.654979219388828,-44.105157104655255,16.77598808432781,83.47619233559713,24.51982339306326,4.834089774701566,41.173199996875844,10.91162913448953,-18.707036750534026,74.22169316894785
7.0475,2.585252220275256,1.9464206133193986,37.49884033976818,-37.31033988642246,13.595104165365484,56.916815679609456,25.8584708616061,0.5708888841120563,44.5558230994931,14.275601266709868,-22.24589164667249,72.23892204328001
7.05,2.3302044934736443,3.0237745068441413,38.274715148899716,-38.639083124877345,14.86074909581751,62.922646414983845,26.091542023204017,1.3206334124188426,45.68347455193431,13.743575304464922,-21.158700948884352,72.06520750174045
7.0525,1.7898956789717224,3.3244139529869656,38.075519364845654,-39.332905433858464,15.09631510110009,64.97677886721613,26.126872525094655,1.6965583483789743,45.44813607931084,13.308097512752378,-20.604538891722996,71.81682088579315
7.055,1.4822199096764688,3.4174719792393287,37.99156238592308,-39.6802165615389,15.157027086894606,65.8697422086625,25.993796903546322,1.7441914352350871,45.03585753322914,13.049488975055619,-20.32361530074696,71.65471738639306
7.0575,1.3344996975005565,3.436737867129657,37.95568870432397,-39.8117576113011,15.150796602430166,66.29877903596501,25.82941093201188,1.6835616304965697,44.71360272825788,12.897441987185042,-20.145774553475277,71.63028996096003
7.06,1.2585982936805677,3.425350870796301,37.950230820411576,-39.84657164424685,15.101525767506033,66.48973808416126,25.741070224442655,1.6256464270634006,44.537749867246355,12.81002391532771,-19.976926633112598,71.61390512194366
7.0625,1.2199124490058288,3.4023316328904083,37.95100746547885,-39.84243299924439,15.039158058431296,66.56694431777584,25.698813376053806,1.5329559301871536,44.47179674619357,12.760251358111539,-19.83349861104399,71.58871048122165
7.065,1.1972519374252395,3.3750742408317524,37.939382401687844,-39.795241074559485,14.96252801909045,66.5963394022304,25.674784599295815,1.4760842103191962,44.446205577658965,12.72330836254009,-19.676669179198697,71.590011926345
7.0675,1.1878398103522874,3.3479769463945384,37.93685587947687,-39.73817737847459,14.887503637893127,66.5909033168392,25.65559413879942,1.4249343044470717,44.412266633697776,12.686158519402076,-19.519369235751356,71.62260419474184
7.07,1.178908937099621,3.3189036860906715,37.918566606373744,-39.67986119912873,14.80943948465597,66.5768500849344,25.646475009798056,1.3585175683394266,44.4054342088168,12.658571874708418,-19.37258704147302,71.64982446843446
7.0725,1.1742860703478548,3.295292711818519,37.91291563570603,-39.60700288608251,14.746904465083201,66.5555580611789,25.633918165916,1.2881083840357737,44.410228540106466,12.632588083996035,-19.22622287685538,71.6632406828788
7.075,1.1667610127060004,3.2712325810402954,37.898749325588874,-39.542640613964444,14.680401450690889,66.53816653015276,25.62297292892929,1.2231352958497683,44.40290365036574,12.60314289286405,-19.076056952025677,71.69094292950808
7.0775,1.1635173465859632,3.2336704935099654,37.88311661822209,-39.47271574349383,14.586088648666102,66.52361210291365,25.606414175502824,1.1747205777387437,44.41624891042099,12.582081121360197,-18.929869959493747,71.70507298351332
7.08,1.1564358434296091,3.2129505274098586,37.866513428852265,-39.402471748110145,14.522251018178679,66.51249286162563,25.589174743716686,1.1173025612031322,44.41567631538998,12.55503153787255,-18.78010355196208,71.72634979245561
7.0825,1.150404056201623,3.1853866927537124,37.85375155885074,-39.33139259661378,14.450300249947935,66.50039649109083,25.56800401467601,1.0608264979491457,44.41391401417436,12.528996643628497,-18.637882915205406,71.74761446700921
7.085,1.1445185610622777,3.166149075056872,37.84488535373715,-39.26179636939539,14.393491000434667,66.48945762983996,25.546975124099955,0.9929160586075778,44.41084381986013,12.499528017539172,-18.49627070830591,71.76536342767146
7.0875,1.1388965143637564,3.1361428724465954,37.82882890860686,-39.19344654736786,14.31693025711243,66.48358054505063,25.522465178827975,0.9438394386974839,44.41106788305663,12.47526478666163,-18.352236535869032,71.78023889697178
7.09,1.1323487386763902,3.1169421648935858,37.818372654068796,-39.12253562310632,14.259421284823759,66.47779803513421,25.49622963234187,0.8810998294807312,44.401706758023906,12.445292102801268,-18.213807742806114,71.80592716400184
7.0925,1.1262187351940762,3.086552728169134,37.804077948252186,-39.05470375068331,14.179339939599233,66.47587773722793,25.468646260833207,0.8345826706850462,44.40270508494879,12.420907380612316,-18.070315107312283,71.81509087987774
7.095,1.1179961604555515,3.068842456030764,37.787516654422426,-38.98445351652801,14.12472611795758,66.47630521935908,25.441246706890517,0.7725832930608691,44.40187601869624,12.392663998700858,-17.934113662410653,71.83003546214664
7.0975,1.1114219571664192,3.0473831518492833,37.77875906980518,-38.91452619439473,14.066548091765826,66.47485313196447,25.411316511344985,0.7115592487205039,44.3997401662034,12.365526785660355,-17.79886511165136,71.84090213408669
7.1,1.1045010715142123,3.027925491493571,37.76679975189781,-38.84507493520139,14.01013724839248,66.47440405506863,25.3807706088251,0.6532025676307041,44.395138129394404,12.337434126897314,-17.663060592189268,71.85575605247422
7.1025,1.096471567207742,3.0055992939429186,37.753821278654726,-38.773908534116714,13.944898585502346,66.47650800197646,25.349351757881365,0.5958561225268765,44.39459400244498,12.310169499497977,-17.52772910956276,71.86513119489909
7.105,1.0907706701304305,2.985640955626903,37.74547739339404,-38.70471766098033,13.887649726544034,66.4762745484297,25.315945944464314,0.54124043341291,44.39024821360105,12.283016055071531,-17.394405220999676,71.8781689230585
7.1075,1.085771994389079,2.964292492379844,37.73838803795351,-38.63593302040567,13.827575148660912,66.47558246993123,25.281066093965308,0.48929307441264824,44.38541056491382,12.25598952246207,-17.263451546366458,71.88887066353041
7.11,1.079534923128867,2.9421147468087505,37.72808330059509,-38.565449867803736,13.75904447129571,66.47685338556425,25.246250821214513,0.4427433666498802,44.380537166765144,12.229026326761481,-17.127992191546266,71.90220215624748
7.1125,1.073610690875728,2.9229922021713746,37.72004756777711,-38.49606315321665,13.70815257387831,66.47724667681642,25.210688283803567,0.38293111938605345,44.37855677284554,12.203045499358428,-17.0025326729987,71.90912534138704
7.115,1.0671198613052373,2.9031430446953443,37.71033564165973,-38.42452372146217,13.645126092179362,66.48025202217308,25.174642011520216,0.33541941852243506,44.37648578665461,12.176130858228452,-16.870665207820473,71.91866869395328
7.1175,1.060688061252643,2.886925086067346,37.70289720088744,-38.35410570904699,13.596223333063236,66.48072484117093,25.139299498346272,0.2744869398717762,44.371996913673435,12.148430134277495,-16.745696720764855,71.92887284089231
7.12,1.055538649338564,2.8667833655475365,37.696257005205915,-38.28571277930095,13.540280305810834,66.48174608810423,25.10297686826395,0.22216537622548618,44.36847640698852,12.122920836632181,-16.619035853133703,71.93746422394521
7.1225,1.0485743331425432,2.852037223253853,37.68851906304103,-38.213602428453676,13.493846491989576,66.48376953528927,25.066870527997906,0.15994794939690601,44.36580939682032,12.094751521850007,-16.49770731775089,71.94542470914139
7.125,1.0437185788802712,2.830756591625589,37.68262903665115,-38.1432547645817,13.42903426168891,66.48553032412175,25.02660094277124,0.11808906576642382,44.362984233589,12.069949618196466,-16.36998318106012,71.95257554632795
7.1275,1.0369988493602174,2.8147342414720873,37.675268919300805,-38.07201244189928,13.380243259871454,66.48726480876422,24.99010212944013,0.058815839041270135,44.361872901915724,12.043294677859805,-16.248144885382747,71.9584185247456
7.13,1.0319198611019458,2.797149350004041,37.67018822326161,-38.002145263877594,13.326084085576012,66.48875853393379,24.95082689642646,0.009409953197111945,44.35849542115026,12.01791767078181,-16.126858532200952,71.96587647771926
7.1325,1.026016441111299,2.7802940045832605,37.66535444753749,-37.933291465547995,13.279159589219965,66.49047561107834,24.913606553432253,-0.049402486099190075,44.35790102208739,11.992795736255692,-16.005828624888448,71.96805273852874
7.135,1.0220914613932746,2.7606129317472026,37.6612132700861,-37.86420721781231,13.21885968607757,66.49220383420544,24.872328961678804,-0.09000038971352621,44.354779665425795,11.968362767041958,-15.884415438351953,71.9748999321951
7.1375,1.0152042813120792,2.747186166866656,37.65573258007466,-37.791295114040885,13.173016613692006,66.49379786129192,24.83373060473815,-0.14861082831618555,44.353175572071436,11.941544255915252,-15.767241571849459,71.97982034216409
7.14,1.009889708421037,2.731113179923217,37.651112937637876,-37.72208867869787,13.125093574381623,66.49447887220983,24.794808345518103,-0.20149978073985222,44.35048450753781,11.916871817101287,-15.65117127948641,71.98561089916309
7.1425,1.0050373479683032,2.7126703291506873,37.64637317582828,-37.65240174609676,13.06836718856961,66.49634518885217,24.754562524653405,-0.2458669239474583,44.349213675290386,11.892703155595164,-15.532064362519456,71.98989836581116
7.145,0.9991475863309387,2.698059430046522,37.64134312604012,-37.581206300540416,13.020336283750959,66.49833173806095,24.714299938531678,-0.2976158514185705,44.34679891751326,11.867419586174801,-15.41734442579034,71.9953930904329
7.1475,0.9936676390122976,2.6837490675585687,37.636777974774375,-37.51191859444173,12.976571075825998,66.4994405262502,24.675295136479875,-0.3515644053564276,44.34428932595915,11.842681410150675,-15.305633709250968,72.00080863925787
7.15,0.9893995227352923,2.6636700315993354,37.6324606589483,-37.442789787539574,12.915480653325446,66.50091178533806,24.633888155049146,-0.3887228135652656,44.34297557949685,11.819748422906516,-15.188049145380027,72.00467491598623
7.1525,0.9831816113291341,2.65031333566217,37.62739154034155,-37.3721710485784,12.872944926916611,66.50320807370268,24.594638231700067,-0.44466075400211996,44.34121591783073,11.794487869231087,-15.076180150650334,72.00951370843316
7.155,0.9777394821986086,2.6355330548242586,37.6227965784831,-37.30150169995488,12.82383437508102,66.50476771760606,24.553618482556054,-0.49157064310747145,44.33900317107798,11.770277068088438,-14.965348076060085,72.01464801125495
7.1575,0.9728556244624064,2.6197848412404414,37.61871062645558,-37.23400457734828,12.778381954070895,66.50589195321831,24.514374642872177,-0.5386399176174905,44.33702185835281,11.74689035960037,-14.857331919041435,72.01907151572163
7.16,0.9663380830685008,2.6070833835777503,37.61352630707261,-37.16264025906983,12.73628456596053,66.5086597144044,24.474705530344785,-0.5927594528967903,44.33524905559638,11.721741368620322,-14.748338677301275,72.02414079043277
7.1625,0.9618890190334108,2.5885926460648614,37.60907620155313,-37.09335170158294,12.677148992523362,66.51015206318438,24.432708109912525,-0.6265955059258943,44.33288343050428,11.69890226369879,-14.637080987576972,72.02949277512371
7.165,0.9564446305881827,2.5746917835036602,37.60447783273776,-37.0250803972576,12.634527057146697,66.51162962130071,24.39356429531948,-0.6744004823890103,44.33081776955096,11.674994609690003,-14.533118966553147,72.03425878148803
7.1675,0.951250556099303,2.5592370678731324,37.60006240382244,-36.9563869374065,12.588092946334612,66.51363831335891,24.353256009028485,-0.7214373871513144,44.32937540596607,11.65181804453536,-14.42431981500347,72.0377898574796
7.17,0.9457706083277002,2.5464427569701047,37.59556738943065,-36.88714072204362,12.546554522324707,66.51536808365495,24.313290540446957,-0.769240145587382,44.327206831734976,11.627887016877454,-14.322280976026445,72.04302666851731
7.1725,0.9406246561935769,2.530145739996559,37.59083592449462,-36.81655493927088,12.491595214845447,66.5172825961152,24.271657477744956,-0.8055768941236814,44.32545531234077,11.604551899451693,-14.214697006557813,72.04805993879386
7.175,0.9346024985959942,2.5181389872888387,37.58608113024261,-36.747063164109875,12.452514503450223,66.51886364961533,24.2326033200693,-0.8561758517146675,44.32360255488438,11.580016020015771,-14.11325217935159,72.05262974478566
7.1775,0.9291554860188783,2.505952551205827,37.58172234877485,-36.67843303333082,12.414205341919104,66.52052667248837,24.193396207563097,-0.9062138935840238,44.3215992574583,11.555828707730122,-14.012991200210692,72.05707484287583
7.18,0.9247467737910046,2.4892355629324125,37.57758047098563,-36.61018000868747,12.362078211967548,66.52226085007352,24.153058398835416,-0.9414578604335507,44.31999396508182,11.532583072412237,-13.908857980623438,72.06137129761748
7.1825,0.9173844417117103,2.4758351426535605,37.57352367016523,-36.54579364685623,12.319118489005946,66.52239268529797,24.109996533618734,-0.9832151261695615,44.31960920870224,11.52089655977339,-13.809660929623961,72.06433251915237
7.185,0.9099034276031773,2.466549791856649,37.56875913567359,-36.47479715996014,12.284736238941724,66.52511086300112,24.0705635295167,-1.0379190087292463,44.31730571186574,11.495720260815549,-13.712150705718845,72.0701337413264
7.1875,0.9051637129583011,2.4512818675020567,37.56503163542583,-36.40853517308778,12.237057368351135,66.52671557170922,24.029812451629997,-1.0744609114492372,44.314976256215914,11.47411208581003,-13.613215221513776,72.07441872278136
7.19,0.8998910262611984,2.437818931214917,37.56106950818775,-36.34163371227604,12.194918853202818,66.52853928866686,23.989921188707537,-1.1170965171991245,44.31320424219209,11.452018161713653,-13.515213811110366,72.07824879114206
7.1925,0.8931723401422357,2.4280706949669217,37.55633777264851,-36.272315313132566,12.159865080852791,66.53060727500981,23.951025439402976,-1.1664818716083714,44.311471138409345,11.428465907843728,-13.421053646924404,72.08308032601356
7.195,0.8877763661440805,2.4127062423115886,37.55219540385077,-36.20481972673655,12.109875961748791,66.53224043545023,23.911036170564802,-1.1987781308454362,44.309979217775556,11.40665641375516,-13.322877531091471,72.08708211406571
7.1975,0.8829356965444063,2.3990863691873385,37.54844695639869,-36.138519466599504,12.06603877672622,66.53377567796679,23.870081386673498,-1.2375951518240562,44.30775407044163,11.38532383772952,-13.227189771554642,72.09115907623564
7.2,0.8774849231040536,2.3861014578917192,37.54444274667036,-36.071673350656575,12.023582867314317,66.53535025119287,23.83032724778986,-1.276400921112051,44.30624312391973,11.363930549706772,-13.132764994710021,72.09520198019909
7.2025,0.87251001026731,2.3733235895083356,37.54072653633263,-36.005567088045446,11.982613315017312,66.5368674627728,23.790280650773052,-1.3165013654225204,44.3044363605125,11.342523066651271,-13.039133736327276,72.09907953145749
7.205,0.86731356354958,2.3596956149891515,37.53684624691852,-35.93959982458827,11.9386662133073,66.53820295634881,23.7510888684266,-1.3503137478431724,44.302959981251185,11.321493264757294,-12.947481697325117,72.10341732559323
7.2075,0.861974555496437,2.34685705420855,37.532895234614486,-35.87290010024414,11.896118529650252,66.5399526958589,23.710956233119255,-1.388749381487157,44.30142560273409,11.3000703480759,-12.853904185985433,72.10706859636687
7.21,0.8556456817551572,2.33687093791466,37.528497456577036,-35.80511960508631,11.859931601658273,66.54168471877793,23.672091635523564,-1.4317278660285335,44.299761725637914,11.277667270688514,-12.764720642763278,72.11165508354392
7.2125,0.8501276206696551,2.3242451894248948,37.52442867877257,-35.73909686413444,11.817854025437038,66.54318343720114,23.633257777154334,-1.4674747526865246,44.2983890025195,11.25616240959209,-12.67434483900713,72.11550990989193
7.215,0.8451232731455498,2.3117022050009086,37.520900866949546,-35.674317507605295,11.777710734191851,66.54463190538266,23.593510314788897,-1.504064690572448,44.29649890208888,11.23567370417549,-12.58492567691749,72.1190903028295
7.2175,0.839062500546307,2.3007895277893526,37.51660057023163,-35.60656524601404,11.736875557154674,66.5464978847089,23.55413303463814,-1.5407343506030713,44.294920460104066,11.213712173770386,-12.496579842482774,72.1237226441648
7.22,0.8336268520968965,2.289222247511604,37.51282294754071,-35.541940156550794,11.699174737312882,66.5477370529795,23.515712019168657,-1.5781436292995408,44.293328235788536,11.192792248900473,-12.409950722690786,72.1274233197709
7.2225,0.8281399265557097,2.2775558844469987,37.508974843580305,-35.47648907744569,11.659483904746057,66.54937069664147,23.47682957084121,-1.613836863490084,44.29178745501698,11.171758462980744,-12.322937675020615,72.13129039619388
7.225,0.8220596211201252,2.267090395261715,37.504918436841436,-35.41056709125394,11.62356845093679,66.55114314978708,23.438771362503466,-1.6543663678882938,44.29055551402016,11.150041029453893,-12.235976938237574,72.13479120876805
7.2275,0.8173300114558228,2.253617624247387,37.50131880909445,-35.34575374963245,11.576452531310231,66.55260075892839,23.39845329942455,-1.67976571379239,44.288534823080965,11.130118385192253,-12.149979729746569,72.13923019563822
7.23,0.8122805199351568,2.241783014508261,37.4977529257713,-35.28189053320683,11.537414780111087,66.55391793368894,23.359696963757855,-1.713963832078751,44.28694407921745,11.109801170448804,-12.06507036258621,72.14270077586174
7.2325,0.805267399784586,2.235579815296061,37.49344575015121,-35.215889103565964,11.513191867366144,66.55555652714003,23.323570912312377,-1.7628585802441308,44.285613658351,11.087267838800017,-11.985779861084502,72.14681672993348
7.235,0.8013749398171975,2.2199332085887296,37.49038075895717,-35.15368856905237,11.464001850732657,66.55693218084618,23.283814029419222,-1.7846013587668068,44.284217085569225,11.0685437382713,-11.899058815539034,72.14978877865599
7.2375,0.795847710092568,2.2093479221417307,37.4865542778587,-35.088680776058986,11.425411785499294,66.55857618181967,23.24495148402775,-1.817218341396642,44.28243659621954,11.047890769285925,-11.817292163597179,72.15412483092287
7.24,0.7903449432386063,2.197722263705416,37.482706337887265,-35.02369125103701,11.383598790708426,66.56011536764818,23.205930198789506,-1.8474047922951446,44.28102857263899,11.027611999996338,-11.733476714461588,72.1579158006612
7.2425,0.784683312481428,2.188570999075837,37.47901641399126,-34.96032745812673,11.352015599947297,66.56136482504009,23.16871717885762,-1.8862112660501893,44.27949410932148,11.006870892303395,-11.654316420337288,72.16148678985499
7.245,0.7786356506851099,2.18076624567513,37.475183706282586,-34.89690794696832,11.324643374024088,66.56278076800226,23.132843074025477,-1.9272827900005882,44.278136246263806,10.985586829007952,-11.578178793715507,72.16531381350075
7.2475,0.7734244101958391,2.1686096907160732,37.47154854896184,-34.833221613663355,11.282055908730781,66.56449500607359,23.0941518420567,-1.9529918826433854,44.276653068691125,10.965964320051892,-11.49727887868308,72.169005201634
7.25,0.7691238294780328,2.1564961727605625,37.46836253518629,-34.77134757336312,11.24151742761629,66.56579518150494,23.054996275317766,-1.980361337613346,44.27474446917066,10.946847690180793,-11.417682827017586,72.17256000278155
7.2525,0.7635859659170501,2.145503646987982,37.464713150191734,-34.7076241877505,11.202750612268247,66.56729278838338,23.01723987528968,-2.0095237711188405,44.273590258073284,10.926951422077739,-11.338099932037636,72.17607115628493
7.255,0.7582625549045114,2.136543857809326,37.461150192541346,-34.645327475927154,11.171260828621419,66.56847782201208,22.980277356808873,-2.0445258825379167,44.27185483035008,10.906646861646857,-11.26338568619633,72.1800634433715
7.2575,0.752539169031895,2.12666015436102,37.457423065441176,-34.582495166741225,11.136833790988252,66.57001795256683,22.943677721460794,-2.0766625081601378,44.270878527754434,10.886569071321642,-11.18658836364848,72.183257291886
7.26,0.747435349100111,2.1161623257649658,37.453862675936755,-34.519430877964005,11.097938671179692,66.57162566707083,22.90499561797971,-2.104057287501481,44.26898617146197,10.866958512335069,-11.109878412530659,72.18731069651227
7.2625,0.7417531708505146,2.1053870186389547,37.449939760944254,-34.45642067929426,11.058627620869101,66.57302321242479,22.868387687496245,-2.1299432575247095,44.267999012684335,10.846816381530324,-11.033821782341928,72.19097372755039
7.265,0.7364743234435376,2.0963364402497207,37.446454975003256,-34.39429195653321,11.024636862029798,66.5744418598658,22.83040563913998,-2.1612340961489225,44.26604833935133,10.82728390194418,-10.959699621775707,72.19457516622629
7.2675,0.7309400458111818,2.0874670382637652,37.44288212201137,-34.33219268640706,10.991673434755194,66.575838795838,22.793708507058245,-2.1926775775342087,44.26471811982584,10.807541695483286,-10.886338650318947,72.19807265951414
7.27,0.7258347661534867,2.0782652538175443,37.43955900528838,-34.27138912481323,10.959653939893041,66.57706711393313,22.757414985792032,-2.2232904349766938,44.263207894035595,10.788041965172601,-10.814578676262883,72.20160817141756
7.2725,0.7217622488363805,2.066056412136014,37.43661077195781,-34.21160866110463,10.918877048516288,66.57833610688742,22.71958181056045,-2.244294064022349,44.26175044366383,10.770045203048594,-10.740612316545453,72.2047331946083
7.275,0.7149269828307624,2.0592350859731647,37.43230118282088,-34.14750506129276,10.889446694334273,66.58018042959118,22.684358271803323,-2.2795236337894056,44.26083833851129,10.74872392682984,-10.668869577902871,72.2086976831477
7.2775,0.7105570946191111,2.0490364764383493,37.42929503898091,-34.08866797464695,10.855693931003158,66.58117005782417,22.64766351416407,-2.30591260554587,44.25897510699631,10.730199956102252,-10.598950143089295,72.21195029122714
7.28,0.7055994408926525,2.039063465289885,37.42588554683167,-34.027184263210835,10.818000725025923,66.58280973763001,22.61009034250232,-2.329684297264925,44.257500547505195,10.711390109830049,-10.527212385178625,72.21554846157079
7.2825,0.6998932821117015,2.0307354627949192,37.42223241825528,-33.966548576710316,10.787497119321246,66.5839409185228,22.57527908703313,-2.3585564019327614,44.25639476244616,10.6916726353242,-10.45944326585467,72.21917042849469
7.285,0.6948135832503659,2.021236698736544,37.41895013770693,-33.9065806079827,10.754822457856372,66.58538484704594,22.539220171361382,-2.387284831807055,44.25508245465723,10.672577656103154,-10.388633332755264,72.22204182725218
7.2875,0.6893100765115476,2.012935074794023,37.415247448905546,-33.8443024633982,10.71985044984307,66.58718633158178,22.501940726203664,-2.4134805643823847,44.25339422251433,10.653018022141667,-10.319176113257782,72.22612886512385
7.29,0.6836234351694536,2.004567239044353,37.41155553175562,-33.78362920691918,10.688277052588244,66.5884805336732,22.46686155292509,-2.442590089056425,44.25240377892217,10.633336300924439,-10.250097403248068,72.22929228325599
7.2925,0.6794527357661699,1.9941178575110852,37.40873029514885,-33.72557006056487,10.652067905230107,66.58947362927826,22.430177012694312,-2.462999315010302,44.25065314309353,10.615711872908674,-10.183098386607309,72.23254056060563
7.295,0.6745257560412476,1.9855442082350032,37.40545930476544,-33.66658880184781,10.62158794124016,66.5907482767944,22.395254353598187,-2.490466394655451,44.249443421971456,10.59671276594346,-10.116816247055851,72.23589198680942
7.2975,0.6695243634658299,1.9760109976784122,37.40202647585126,-33.6057517606175,10.58330812564807,66.59242513451699,22.357963614535798,-2.5102419938880645,44.2478823536624,10.57825925630515,-10.04878766993748,72.23958434089081
7.3,0.663810782633929,1.968766034213103,37.39842022304705,-33.54593493312105,10.555119840141218,66.59359127681695,22.323607421598947,-2.5399748033548004,44.24675235592178,10.558654468676124,-9.983725677882784,72.2429565731297
7.3025,0.6595267982977172,1.958898278523658,37.395444630034376,-33.48851331842507,10.52034422870317,66.59457978882459,22.28807589530485,-2.559446284468823,44.24515286602279,10.54088971700242,-9.91989281338896,72.24638290482073
7.305,0.651207701220814,1.951665957968593,37.38980585167121,-33.42002847274286,10.490192611313132,66.59792885863118,22.25094778398046,-2.587029789747487,44.243953668994116,10.518621757925771,-9.853672497621966,72.25153341401897
7.3075,0.6485460786370899,1.9424372654691218,37.38815002493716,-33.36807554814275,10.455549257787377,66.59714991497086,22.2161284058196,-2.6085442510231807,44.24178292762871,10.502726132978303,-9.790030808414755,72.25342089939842
7.31,0.6437829681239787,1.9336849246058352,37.38505538790773,-33.30991855320389,10.422724939048495,66.59868771572373,22.181649960038992,-2.629513252658194,44.24093505057032,10.484537565602217,-9.726976742597692,72.2567240312806
7.3125,0.6380611698143901,1.927759930855177,37.3815484528887,-33.25061494505231,10.397494241877073,66.60026930334476,22.147399730510596,-2.660518803846998,44.23973827892642,10.465164643087668,-9.66477089913024,72.2599890144837
7.315,0.6344276535802581,1.9170522109666355,37.378823085893515,-33.19417646166563,10.359740911177427,66.60141714523053,22.111280060135172,-2.6755386690269516,44.23816854136456,10.448147108641841,-9.601428128534009,72.2631552392886
7.3175,0.6269598663173768,1.90914245156574,37.373677209716725,-33.12849074844611,10.329309905362903,66.60428372963167,22.07476114668784,-2.698286323050455,44.237059220042426,10.427267449450076,-9.539083295101952,72.26801313715599
7.32,0.6232430780022542,1.9025338212487732,37.37162821222425,-33.075814921212874,10.301616454757058,66.60372792967195,22.041888921833934,-2.7253415779036088,44.23530070383082,10.410308421738412,-9.479145341655734,72.2700168984219
7.3225,0.6192664386823957,1.8935394766596974,37.36902539086611,-33.02030440215005,10.270485046925108,66.60497457225603,22.00782024146166,-2.7451129462798387,44.23427384571417,10.39307493164785,-9.419169740242124,72.2729145760376
7.325,0.6142468216202994,1.8852748441639513,37.36569938049462,-32.96189467865367,10.237673388000253,66.606737562167,21.973121398867953,-2.765897579584522,44.23322754132834,10.374647852642735,-9.356936245751754,72.27613115955691
7.3275,0.6071833749508336,1.8772685635003232,37.360738315523705,-32.897545635304304,10.206149415375934,66.6093463067736,21.936494219611962,-2.7841980817153607,44.23163736486528,10.354393252320893,-9.298223570453183,72.28140595591515
7.33,0.6043014797869836,1.8684406212222777,37.35896600290582,-32.84600964642288,10.171943704570609,66.60888817137968,21.902654676904227,-2.803942913772141,44.22990168245325,10.338499345045957,-9.236836928226673,72.28291300522766
7.3325,0.5988777614751681,1.8638454187543227,37.35553363658118,-32.78827438332411,10.149449701184327,66.61049768156956,21.869947258384418,-2.8329320700886598,44.22883776113297,10.319366963860082,-9.18086740230594,72.28669816035512
7.335,0.5915979897938216,1.856323889051429,37.350541894535375,-32.724351746358025,10.119689322415862,66.61328330448484,21.834455157769742,-2.8521058738063076,44.22768729538139,10.299009994222018,-9.122879770128051,72.29146459367041
7.3375,0.589829167782549,1.8466660969682018,37.349405626873306,-32.6764491115089,10.086837811233547,66.61234903039733,21.80152193131343,-2.868551169447133,44.22582729334877,10.28437830363699,-9.065734394858639,72.2926956471154
7.34,0.5851945912844512,1.8386151099742913,37.34628298963739,-32.61931204790058,10.05391978724356,66.61435285908226,21.767559517085072,-2.8859786589609553,44.2251560130246,10.266624221625987,-9.006673542018683,72.29583152417844
7.3425,0.5802838779352716,1.8318569231688153,37.343091947073255,-32.56341861000413,10.02676607400342,66.61553507347027,21.73475061691099,-2.9068467359252383,44.22391702043281,10.2484775086511,-8.95174215556219,72.29918834166395
7.345,-0.13382585166521893,-2.9857797583550227,23.798405541323632,-28.35554021472465,2.6711389955196227,72.43730303239005,24.080690676643172,-2.473998073688958,36.90017157677517,5.817706054743223,-11.161365516556387,101.08353024318696
7.3475,-1.7227107097717733,4.252722175639529,31.04577730832704,-32.4769910925534,12.543147191543154,68.61056476182756,21.38824040233352,-0.5590169176094616,43.79325607121484,12.527849345170116,-6.519201374479373,65.08306469317573
7.35,-0.4570407782007769,2.819282553813175,34.296788932601935,-32.39435982995701,10.933304307492682,68.20007623248193,21.474489578881073,-1.8244990613809382,44.363840676101695,10.743017515156197,-7.88245648009378,71.05398356666987
7.3525,0.19811068498254517,2.1359026018776563,35.99012956754438,-32.26245082085469,10.200878174410729,67.51999410222305,21.453800485494202,-2.538488422588394,44.09703803541095,10.280579026405427,-8.547130292543834,72.53386454500377
7.355,0.3916341103235793,1.9170220506505773,36.5021252243106,-32.18897353784695,9.957117868461296,67.17501902138481,21.423071185741435,-2.796719659015038,43.95488653516555,10.17343062258206,-8.736680898936354,72.89575584010457
7.3575,0.4709641421709052,1.8357345174811703,36.72833707430005,-32.117699317392564,9.85037334662655,66.97184612421628,21.39017100010234,-2.889142515983399,43.93047878014966,10.139881315137337,-8.768994909870191,72.94393637291464
7.36,0.509580726457199,1.8062081113957025,36.841341908346386,-32.063976114908094,9.813169785519566,66.86747787242729,21.363351666437058,-2.9637232007194148,43.964923184636554,10.12566131233235,-8.7673921647011,72.89228911901776
7.3625,0.5215507738174333,1.806610695203092,36.90550572044767,-32.00932810352235,9.801569474557056,66.80468514039671,21.333918385585804,-2.9957648390784506,44.01096668299266,10.136249679551966,-8.72763899430809,72.83235777855009
7.365,0.5357267001738096,1.803407314654704,36.97066312195654,-31.951996574882703,9.775123426254781,66.76043508306036,21.293816640283485,-3.008120942949826,44.04094520086158,10.123399898406744,-8.678237630171749,72.77347663383637
7.3675,0.5451787589869165,1.803109129652228,37.026206401081346,-31.909905786217962,9.756563025347432,66.72566363347991,21.258278110037253,-3.028776664985619,44.05999718767448,10.11825749569469,-8.631994930804638,72.72465040516836
7.37,0.5508714492753792,1.7995834350944706,37.0774510620388,-31.866642274693888,9.739777206795688,66.70399720930307,21.218944395447277,-3.053987321639578,44.07891147576248,10.10982261785986,-8.58936854205538,72.67203757182416
7.3725,0.5483973010938027,1.802231949829197,37.097248523579026,-31.809967117084298,9.727574117785213,66.69715715620667,21.183251538380894,-3.079077711937538,44.1030239592525,10.09884210780589,-8.54270920777156,72.63366019179975
7.375,0.550317790219447,1.8006662493885068,37.1313194755782,-31.76864914212511,9.706892685250658,66.68661309776564,21.147219530058806,-3.096586982547866,44.1244194484471,10.089540015608591,-8.49429340891048,72.58543783569722
7.3775,0.5490327149180899,1.7995222011230576,37.15584116284964,-31.716505336129437,9.688525013284448,66.6777684889376,21.10934275302098,-3.1097527247685437,44.132902842985345,10.074907112345615,-8.444857669746666,72.55637360138067
7.38,0.5447394840065901,1.8019838915206146,37.167641023890326,-31.671303395271522,9.683099126497968,66.67664675389632,21.07945106885438,-3.1489698850975727,44.147044866534365,10.063471325084775,-8.405258472500348,72.529038842158
7.3825,0.541428504901133,1.8017142372380301,37.181192259615564,-31.62261203880061,9.666623897438644,66.6753918894762,21.045150970507933,-3.1686324884534054,44.15831510131018,10.05106987817875,-8.357292924860834,72.50317936800937
7.385,0.5413183737298578,1.795324944697988,37.20115169596107,-31.569021187823065,9.633703567731137,66.66883479614245,21.00522041032028,-3.1695188258036513,44.15747458898191,10.032277702523698,-8.303225753993319,72.48726232914615
7.3875,0.5396858858009616,1.7912844493890716,37.21474138944518,-31.524910397677772,9.614147777709883,66.66418537202102,20.974298025225245,-3.192945842855898,44.1689897564853,10.019627081001769,-8.259653097916138,72.46576484357881
7.39,0.5348358257379026,1.788320828108723,37.22275129285658,-31.46827154924699,9.590315977363964,66.66083675656094,20.937952515370778,-3.20422907596557,44.16908518358765,10.004762040199939,-8.208820485574899,72.45796693386289
7.3925,0.5335212944138442,1.7837954653780632,37.23356850732295,-31.423228558069418,9.566727337141986,66.6558338262138,20.90744309969034,-3.222226219263859,44.17222148774817,9.989562916254883,-8.163007174932313,72.44645384891648
7.395,0.5256501656193143,1.7787863491318965,37.23244759397535,-31.366461558966396,9.546365945154879,66.66024952894932,20.87496062692177,-3.244960167903734,44.180131078417666,9.974531052369526,-8.117884604737252,72.4351907020879
7.3975,0.524819611336446,1.7760166786793274,37.24121731332512,-31.322543029075405,9.525480222828913,66.65607350716895,20.84398256155444,-3.25910117653865,44.18142855372378,9.959396160849153,-8.07093077498627,72.42500473240662
7.4,0.5192048405368874,1.7691751331104657,37.24327180900689,-31.265062062723427,9.494386273293387,66.6568515042495,20.808405536763704,-3.2677658321031675,44.182859168408996,9.944025018661437,-8.020099866258505,72.42105760606765
7.4025,0.5175714906730895,1.7635818094982039,37.24976250246287,-31.221353664305447,9.471430690987338,66.65209762600485,20.779939236315705,-3.281661266815416,44.18403637404396,9.927919072597465,-7.975629675008217,72.41468004407501
7.405,0.5170163729517271,1.7573519864066636,37.256683723684134,-31.171167326329574,9.441641270591138,66.64778832813863,20.747413058952613,-3.2880628511769503,44.18231361810948,9.911099488905299,-7.927796005206598,72.41289309595554
7.4075,0.5109172520334588,1.7506865813491543,37.25537733681112,-31.113356298616218,9.416266752003542,66.64949022296608,20.714282991737768,-3.304120323786998,44.18388153390287,9.893397457246785,-7.883067148656835,72.4111382940596
7.41,0.5058940108489954,1.7486740787071695,37.253903490666715,-31.067220669142284,9.402442450998034,66.64999283192745,20.687012965919497,-3.3311925762194803,44.18525851167254,9.878615632731607,-7.84171845624314,72.40750358910282
7.4125,0.4987166297780047,1.7427053132875687,37.2505983993068,-31.00964893040776,9.375938254191263,66.65387381508384,20.6544688208974,-3.3417303186300042,44.18839774213371,9.861061584348944,-7.794904515975239,72.40446493146644
7.415,0.4994401736209381,1.7347348921536658,37.25704215625443,-30.966966099765234,9.34173727154405,66.64802361343409,20.62288048186979,-3.3403123484670827,44.18417678943579,9.84816324355321,-7.745478971946036,72.40435003510922
7.4175,0.4911143656279923,1.7313157200700926,37.25126838311453,-30.907700835648026,9.327076012478146,66.65193938769853,20.59208696736252,-3.3677614252271733,44.183644130316274,9.827910134093546,-7.704982306886139,72.40774451908462
7.42,0.48901945086214565,1.7250676863967696,37.25232626542834,-30.863329364897915,9.301005484847444,66.65103715837621,20.562920672505374,-3.3796614650223726,44.18437054013483,9.813594530702442,-7.660518161970973,72.40484554958343
7.4225,0.48470229133633863,1.716237754971357,37.250486012562874,-30.807026021921107,9.26508005755168,66.65241111931478,20.529089729669813,-3.3790826367383895,44.183326104237345,9.79633889244128,-7.611304524661199,72.4067560685222
7.425,0.48067979259327737,1.7119697180683824,37.24976235320189,-30.76149859392048,9.244266051102917,66.65121802967337,20.501707857211663,-3.3983687663219264,44.182747118751294,9.781468597027684,-7.569310869152525,72.40675340330566
7.4275,0.4743852569313476,1.7064743176857924,37.245726640532155,-30.704324871713595,9.220865509438378,66.65414733644188,20.469917299050277,-3.410452398153885,44.18201586270529,9.76270150293889,-7.5259699306643695,72.40950103485626
7.43,0.46893920103164455,1.7016794237414274,37.241909118068804,-30.652346319681445,9.199344548142538,66.65573445841324,20.44050724544875,-3.4266128481875064,44.18243208970924,9.745499406574005,-7.483896774268744,72.41026566055079
7.4325,0.46700629960771445,1.6948180866162537,37.242478949313586,-30.608788196217596,9.17186309629203,66.65494344089144,20.411557850438992,-3.4352712288584635,44.18173479221996,9.732010774152425,-7.440354417635911,72.40912525643809
7.435,0.46054572850645836,1.6885174890630963,37.23798830951451,-30.551763113939856,9.143822468793655,66.65788727484556,20.379740533882785,-3.443282117479668,44.180785287653634,9.713732584942546,-7.395625989597649,72.41268782540443
7.4375,0.45812053783536744,1.6831856971081514,37.23772737882337,-30.507672801207736,9.121576133843545,66.65666773485992,20.35201386461051,-3.4564000762896137,44.179956360952175,9.699078224330387,-7.3549919609580385,72.41308051786993
7.44,0.4508148704496516,1.6785610807329114,37.23167163684223,-30.450188506329326,9.100555059531125,66.66065808818146,20.321916983828938,-3.4716205671842486,44.17995357241981,9.679946059710645,-7.3135261981730055,72.41643043972545
7.4425,0.4500424098844149,1.6692243892462848,37.23297381844227,-30.408064610148795,9.066396921499113,66.65898625879919,20.291817826205467,-3.4727316927196097,44.17767295241641,9.667631350919436,-7.267994874264866,72.41643633713555
7.445,0.44368580414106834,1.6636436562330406,37.22852479248761,-30.351291845182566,9.041428740967655,66.6611881612609,20.260903650666865,-3.4812912313217534,44.175969353268336,9.648365209412916,-7.226992745504812,72.42178213196176
7.4475,-0.45617474814008097,-3.276470795229076,23.559138765779025,-26.418216878782854,1.3634624681508623,72.42739126703896,23.477706784495208,-2.7418098716797044,36.944663841710806,5.041990570354327,-9.278232962822605,101.27571968819298
7.45,-1.9272503567459889,4.063815399723758,30.915053471347655,-30.38697806173935,11.501145085710242,68.70231749872136,20.04104381022521,-1.0393227495254314,43.71139367979009,11.869405324401606,-4.780834138350921,65.18151135439888
7.4525,-0.6473446918144217,2.6279438540405646,34.18284524264903,-30.271640545633783,9.913252810075996,68.29674390540796,20.155019142542002,-2.3593648133286966,44.29424627106759,10.075109776995536,-6.193778094366432,71.1919719669836
7.455,0.009967967200586722,1.9551998765042076,35.862354536441785,-30.14352346330581,9.179955832032887,67.58874138852227,20.144980383537806,-3.0355307545141574,44.034172633252915,9.634173530131273,-6.853511752363667,72.66385699842823
7.4575,0.21326536548796957,1.7347134914892532,36.39763509203359,-30.075449899185653,8.923607008340229,67.2224373615487,20.117737860626512,-3.261766622399115,43.89200926146734,9.528115825718654,-7.045725605479846,73.02139167437403
7.46,0.29418621692679303,1.6533100648956156,36.608181725059985,-30.00628311217376,8.83117799826111,67.02528701571562,20.09085219187021,-3.3719462594944005,43.87346331844684,9.492740640262186,-7.107567199763334,73.06951979613794
7.4625,0.3317904289910793,1.632315603709165,36.720160718413155,-29.951591190857975,8.80473062030932,66.91315125320519,20.068567199824393,-3.4248143271977733,43.918698248083125,9.495853559368067,-7.108113310659211,73.01920564876662
7.465,0.35649287966985266,1.6271700004961498,36.80605476910043,-29.91212731187008,8.782517149076352,66.83599086870994,20.036990241975825,-3.4364272591377367,43.93759613061756,9.495626583973888,-7.079458435244736,72.9691151560673
7.4675,0.36656024497853223,1.6235777142076926,36.866953999327436,-29.861714517168878,8.770252293893328,66.79797883695686,20.006011730988224,-3.464661112511079,43.97884202177115,9.488962950414429,-7.057269196000323,72.90486205385619
7.47,0.37491926101019885,1.6249052306329352,36.92268880192943,-29.820725847369165,8.755179435645855,66.76561853784825,19.97094202199701,-3.4705155947242985,44.00384679642484,9.484308701780437,-7.020228489990345,72.8464431617785
7.4725,0.3723690430083243,1.6299286986520887,36.947238229876966,-29.78225685918506,8.756573479796947,66.75605466084211,19.94492048909508,-3.5054520983166113,44.03365890227507,9.48339556181549,-6.996262824123308,72.79759481743412
7.475,0.37760494691792734,1.632777258969107,36.98692685074001,-29.735887540413785,8.743270765827424,66.7426239079245,19.908168696226724,-3.50853325887412,44.05354298784613,9.46827080133646,-6.956952006189426,72.74818034470687
7.4775,0.37471589042010983,1.6352222152704958,37.00976037075508,-29.691959281923324,8.737897361448082,66.73493231830352,19.87730091506733,-3.5292818938773,44.07236636545847,9.459048421852359,-6.926187923877023,72.71165499108909
7.48,0.3728437672946933,1.6344426912859524,37.03707323475805,-29.6560528973575,8.722816548842795,66.72863859200478,19.846376471669515,-3.543133316123,44.090135673544424,9.452908360162015,-6.893067649086469,72.66925494743424
7.4825,0.37027402745739074,1.6334868312970907,37.05086623000011,-29.60857543279697,8.706846560141242,66.72807889366617,19.812047154305407,-3.5513024952058996,44.10095102054036,9.442907825066564,-6.855705344262031,72.64191953192969
7.485,0.37259942824683556,1.6315571219405391,37.07534162442087,-29.56518661431758,8.68359125183149,66.71712499861232,19.779470859668795,-3.54797487296584,44.10776209733613,9.424856646440128,-6.8150331735256025,72.6185353054829
7.4875,0.3718362558417673,1.6284549259874475,37.094340681209765,-29.526592208011827,8.666188885991769,66.7092391677826,19.750311102943837,-3.561486632997752,44.113649017193445,9.41409908751716,-6.782411623280476,72.59833230409699
7.49,0.3673229404484099,1.6270368886863733,37.10044563734499,-29.475028554467503,8.652279859518554,66.70922160033074,19.720251424860002,-3.576250989064571,44.12057418774205,9.39777996537651,-6.750013692414207,72.58421014154736
7.4925,0.36168355489592346,1.6269526021928358,37.10360067496065,-29.427805467181102,8.640334947502776,66.71044133909638,19.69245941905139,-3.59418244698816,44.13107793218354,9.384422336807377,-6.717505557102966,72.56758015681994
7.495,0.3601832729079722,1.6242517968190415,37.11515029774033,-29.38238060886909,8.620827092455993,66.70492013579177,19.661376804073438,-3.5962594390639864,44.130789546907444,9.36786609263353,-6.680227769427662,72.55766557413742
7.4975,0.36261061704494885,1.6178388340966112,37.12912680499712,-29.344544906356266,8.594425235272224,66.6975011500116,19.632634353635343,-3.597246677533585,44.131481314158265,9.356309266561212,-6.64398748677377,72.548074316104
7.5,0.357767071676635,1.6130524637261003,37.131709188057535,-29.29258164536062,8.571017136996076,66.69704521109941,19.602120869724303,-3.6038477196830234,44.13263997906025,9.339853809216368,-6.6080834683002,72.54452992815551
7.5025,0.3549579195204255,1.6084029081246534,37.137267119799404,-29.24679902400224,8.550283488230297,66.69530974216255,19.572671746646204,-3.611574506763612,44.13619834009989,9.326299748144411,-6.574571297978129,72.53557252161288
7.505,0.3489260632532819,1.6067847525783598,37.136185712026645,-29.198614023552828,8.534832038863529,66.69600301052968,19.54565063403308,-3.6255894009807905,44.13726540513238,9.310095508812351,-6.541264877818502,72.53251764592467
7.5075,0.3482436301619224,1.6013928931932429,37.14178808325388,-29.160013722770362,8.51243012355976,66.69362698412618,19.51846872951865,-3.6300509658272726,44.1388314204648,9.300275155387009,-6.505629756124285,72.52550839137476
7.51,0.3405862236860307,1.5997566463963877,37.139481912346625,-29.10651947553364,8.497800389044096,66.69614004649942,19.489827381272097,-3.6442774814053727,44.13783376941988,9.281162479264506,-6.473335425518147,72.52592606809189
7.5125,0.33860608374079787,1.591044809218593,37.14198697387035,-29.06167878080667,8.46626262182986,66.6952474948237,19.460265716562024,-3.6396045978327436,44.13927577661742,9.267186291415156,-6.435370620381588,72.5215344592119
7.515,0.3353098321901158,1.5867802160278888,37.14234943274794,-29.014679965496356,8.44654993386812,66.69437196196805,19.432401096182954,-3.646367617097157,44.13859944828256,9.250583792087093,-6.402022426327681,72.5212345832939
7.5175,0.3288034211411971,1.5831950828821515,37.13826497616472,-28.967018722985614,8.431336241613671,66.69778738882823,19.405996952575084,-3.6630373416328244,44.14033953413169,9.236121939765946,-6.3702231927113075,72.51937293974382
7.52,0.32740948057376384,1.5793435480812001,37.14044438905874,-28.926991368797566,8.410368780197727,66.69642449888838,19.380113461896922,-3.6681479605681813,44.14217862944919,9.223237083290996,-6.336328361676806,72.51463729689962
7.5225,0.3220704154877027,1.5732820159021779,37.139132539065436,-28.87563233144246,8.384289776485646,66.6971833409069,19.35027182307889,-3.6673201691510093,44.139524502049866,9.206433983151955,-6.300261630557055,72.51748619606708
7.525,0.31644716470746775,1.5702180701779787,37.13549545440844,-28.82780858593816,8.369009455301105,66.69847339082193,19.32435528295129,-3.682172209381991,44.138981257457274,9.190132780625483,-6.268563583316335,72.51960347853571
7.5275,0.31320906282531213,1.5644620242219411,37.13512545134963,-28.78156007560803,8.344086700632161,66.69866771170972,19.296716816315286,-3.6842507000382776,44.13853368331059,9.174311104450682,-6.234782008496804,72.51933935369965
7.53,0.3092531707347459,1.5596818877801704,37.132854006865486,-28.73487342898358,8.322466523315509,66.69924865852394,19.269742207600494,-3.6895773097799953,44.1379849754104,9.158767449365762,-6.201403491614801,72.52087641289394
7.5325,-0.5962487793050701,-3.38809826300048,23.442173088149673,-24.799135645278945,0.6183370515570923,72.44199539884747,22.495897792601287,-2.9357730064651184,36.914541651353446,4.560362520025606,-8.229677395580415,101.3490888631184
7.535,-2.0661661937525677,3.964341238204847,30.814335771852072,-28.784597470997475,10.78541766000224,68.77366552512403,19.049227345577453,-1.2167260350558424,43.6803823618046,11.382089870191798,-3.750839260582283,65.26599658625584
7.5375,-0.7733807055197327,2.5110323390804994,34.11021159517698,-28.668752025693564,9.18237774974369,68.33522302137843,19.169253161003578,-2.5582498975057057,44.255813756643136,9.585631561997285,-5.180298460555464,71.31153942017086
7.54,-0.12111637273477528,1.8470827894564354,35.77737111252453,-28.547197474693167,8.444771438111438,67.62585788795194,19.158943658221713,-3.2082705880273803,43.98182344034613,9.151808872472925,-5.841323574679449,72.77420212502655
7.5425,0.0896321430033394,1.6242397501877086,36.317803371124334,-28.47511198384412,8.190969182679849,67.25548136120412,19.12965903008006,-3.4332653704498806,43.85411942727302,9.038084599212235,-6.049402066580601,73.11243194112106
7.545,0.16345652283791692,1.5503899478387588,36.51761895103066,-28.413007413858402,8.113428063362601,67.06081970219854,19.113532989985938,-3.544172125906566,43.849930346953606,9.01611190337756,-6.119398142241802,73.15205869807924
7.5475,0.2030112301928596,1.528626527849366,36.6394453237061,-28.362713088678223,8.074534317225552,66.93849693587724,19.08703593636023,-3.5704233485768864,43.86021717098066,9.005310707208357,-6.117574762109722,73.12335168924977
7.55,0.22486278432187298,1.5231966692253205,36.722568536116064,-28.316877336902746,8.061662060397962,66.86310586861701,19.062269718672507,-3.593494951436722,43.890876488896716,9.004045211023186,-6.105140299430478,73.0754801648783
7.5525,0.2293985328904214,1.524095210734289,36.75860986878314,-28.271680976275277,8.074731278367379,66.84218885012385,19.041397156839675,-3.648315436927469,43.95472577450572,9.008167571220696,-6.1050931281973675,72.99828395459717
7.555,0.233999121793361,1.5311553335246912,36.80691769426855,-28.235524114722658,8.067642354471296,66.81631290157351,19.010266727776028,-3.643071345258663,43.98549069235949,9.009589045259785,-6.069515377485011,72.93229781284126
7.5575,0.23871162350183056,1.5330309681223635,36.849331800883554,-28.19826524375382,8.057277046340586,66.79816129978332,18.977393158756424,-3.649861552809576,44.00460130489178,9.000965336567209,-6.042260234395521,72.88307340775032
7.56,0.24483350842457333,1.535568746159986,36.891430138040235,-28.16190921068718,8.046739102458243,66.77949683924398,18.944672095127792,-3.6528264543554085,44.018642348157734,8.993898535838174,-6.012492806380838,72.8416279137937
7.5625,0.24303654871805208,1.5359538350621154,36.91644464715445,-28.122249033513814,8.040719048568585,66.77517645479992,18.913899348791055,-3.674658567389789,44.03412062434544,8.982474309761784,-5.992982729161184,72.80303656089674
7.565,0.24474503950589832,1.5371022953144193,36.946826884321275,-28.08387018904981,8.026590162195106,66.7632560309892,18.883703006423815,-3.6717581724903368,44.04987816294269,8.971804129286872,-5.960226038815265,72.76609363172138
7.5675,0.2418266709044462,1.5373688260611762,36.96221137492981,-28.041353536090067,8.01696065859311,66.75970331754513,18.856023981785125,-3.6862058986940416,44.060463209806024,8.955527596062343,-5.936982692575212,72.74001312432257
7.57,0.24149380518924754,1.5359051741066825,36.98129948970636,-28.00153311598379,8.002658333516461,66.75335830764392,18.82795383939451,-3.6870995775942275,44.076500510857365,8.947255308504978,-5.907751841634369,72.71013473441376
7.5725,0.24287384302822584,1.5337290805291957,36.9999489769651,-27.961935474439656,7.982931138227048,66.74677337604577,18.795889549860355,-3.688283412164674,44.079536608529374,8.935942706898324,-5.877134292698794,72.6903835538458
7.575,0.24537849114910956,1.5296201669853349,37.020710128207156,-27.922464691295026,7.959910758182441,66.73611976805333,18.765539879323697,-3.6810495964736236,44.08031601974957,8.922719964019628,-5.844997221452843,72.67658335852136
7.5775,0.23854121398068767,1.5272053517669077,37.0242152996457,-27.879084238267218,7.951730385716647,66.73806292394096,18.739851782800077,-3.7017445085540115,44.08738188620562,8.911417134445044,-5.824704170765989,72.66304845333242
7.58,0.2342225715075291,1.5274477974657334,37.02712034799257,-27.83629983366504,7.941202972035232,66.74002345334557,18.713422466927,-3.713128401941901,44.09379106491043,8.89854807767315,-5.797597098609161,72.64912338956049
7.5825,0.23392105382985323,1.5239033257206636,37.0380923544681,-27.795194479468364,7.918334242667134,66.73479197332058,18.684629069255685,-3.705307546295021,44.093790506955976,8.884574117407288,-5.764641584208832,72.64050480018932
7.585,0.22880636718108188,1.5213683510954938,37.040789036774605,-27.751097358634524,7.90493660680279,66.73531738465446,18.658677694150274,-3.7192612644424505,44.09679953399614,8.869416123009222,-5.740289022487257,72.63317902292556
7.5875,0.22639158564391007,1.5158781859424646,37.0470396274586,-27.70916740170033,7.883013878878752,66.73278227041479,18.63149687407949,-3.7148183165752626,44.101222220169426,8.857196964644656,-5.710260458435819,72.62359611353114
7.59,0.2234269090734792,1.5134651806921213,37.04957242240499,-27.66559040330829,7.865796093726256,66.73165525203687,18.605501816278924,-3.7212545638038446,44.101850430589934,8.842440394642164,-5.682106556030118,72.61919045888173
7.5925,0.21993890659530763,1.5101072528379014,37.05171220592344,-27.622315147055442,7.849464070346611,66.73014130332,18.5794206519447,-3.725457167472164,44.101830734054026,8.828383499862785,-5.65494315163351,72.61705076363027
7.595,0.21600450818515385,1.506931806697317,37.05079239792542,-27.578405454805566,7.833940623335568,66.73203354732436,18.55425422055862,-3.7346898182964976,44.10586119133353,8.814621523952828,-5.628793208870139,72.61147843407673
7.5975,0.21301928940277456,1.5001662197308336,37.05321567013994,-27.53704479560856,7.809055072794231,66.73210566058444,18.526481551912894,-3.7305290998146883,44.105523763280665,8.801874707597657,-5.598170677215697,72.60695540969496
7.6,0.2098509182819529,1.496968260869106,37.05502235118906,-27.49352029179158,7.790690808555664,66.7294692609687,18.50060276127745,-3.73020903287447,44.10291867068078,8.787197887321536,-5.569521941256074,72.60878327587302
7.6025,-0.7182317904699306,-3.4319643933175628,23.324141604756377,-23.566505003222165,0.11303249274016683,72.51399911489959,21.72885966291255,-2.9711302887917417,36.86322047579518,4.185600326466816,-7.569120517312216,101.40670861154479
7.605,-2.163726351051508,3.8904846000534117,30.721285348155888,-27.544578701767023,10.242423965726083,68.79016762128697,18.300053102924764,-1.25687825411173,43.64657768422792,11.00584163641669,-3.1188009097954,65.38361092591659
7.6075,-0.8506087093799958,2.4266998143190377,34.08070552055428,-27.430286474832656,8.623303283495206,68.33111175302517,18.412331952636638,-2.5948174213500375,44.211760557359156,9.195528559017864,-4.5452751656912564,71.43655004740232
7.61,-0.2142938876207007,1.7751520051525922,35.72699630401879,-27.316515159899915,7.908793538082272,67.63551529728768,18.39728815561531,-3.2584013563659484,43.952059875376825,8.790578973020645,-5.219666602609667,72.85623486495727
7.6125,-0.00941597259637345,1.5621117404063174,36.24551232425707,-27.2473552299328,7.665880880909266,67.28193952614916,18.370309453290883,-3.476540275230373,43.81042867398017,8.663904787453882,-5.431159276886606,73.20172420362476
7.615,0.06176835733983905,1.4942495064391264,36.43390924705119,-27.186171769530553,7.598683049755941,67.09563445833187,18.353429376008922,-3.5916905812568825,43.81055466073613,8.649817735838209,-5.512285621308192,73.24191697562458
7.6175,0.09926188547800854,1.474363348015896,36.55426163671862,-27.13767853580121,7.573608908527869,66.98231305598408,18.337994585775895,-3.627607464720434,43.861401254533256,8.644273262086779,-5.520888067716794,73.17928148461763
7.62,0.11586739131996988,1.4688216120789166,36.62395618592512,-27.0979590518386,7.562967165330598,66.92142090887798,18.31105893516645,-3.6518943731654367,43.88960566699126,8.648205124084882,-5.514240183711691,73.12110307455742
7.6225,0.13404310886857435,1.4718222592311099,36.69229401784719,-27.059568003866787,7.558707324157753,66.87471419988796,18.284724445531438,-3.655942191575665,43.93221436837975,8.640430061654945,-5.4931807571146205,73.05087203801875
7.625,0.14225167345638864,1.4757607685787257,36.746587571277814,-27.023203873600025,7.551212153105815,66.8395034485242,18.25351657202772,-3.659494504822346,43.948561684464806,8.63934866062882,-5.470381478604322,73.00540418902872
7.6275,0.1497015894297451,1.4732200745293704,36.80127683249863,-26.988585661140178,7.53400722267623,66.80958586134065,18.221691896797395,-3.6550315180008712,43.96106463834977,8.631022036626902,-5.446257763035261,72.96416026481684
7.63,0.14721843330416984,1.4770745189450627,36.817843307015444,-26.94848703424335,7.543745202188523,66.80903224350106,18.198850281948115,-3.692955969778409,43.99914683301561,8.626864411734449,-5.439830073658959,72.91244165968328
7.6325,0.1517146140895555,1.47992666056746,36.85013566526451,-26.915212021648884,7.534359019078871,66.79949288577937,18.167364244047683,-3.688487916013651,44.01218785070031,8.617019309591115,-5.411333577814549,72.8677389450414
7.635,0.14838875915312114,1.4823050505024464,36.873595616543305,-26.87914271562311,7.528598239906951,66.79339930127144,18.13898542050824,-3.696799934491459,44.02721387261757,8.612358829640558,-5.38883240572886,72.83314152360924
7.6375,0.15048994797994417,1.4813841169641906,36.90171667137062,-26.842651435669847,7.511472905486379,66.78151096928976,18.1071497143858,-3.689870512064644,44.028606155480695,8.598491926017687,-5.360898026677358,72.81021564148438
7.64,0.15005990769520983,1.4815904692285202,36.91468970179615,-26.802731996442997,7.506227200415431,66.77879278909525,18.08222165568534,-3.7059441084580262,44.040849180395725,8.584462507186485,-5.344047426564403,72.78758317783645
7.6425,0.14523144465093776,1.482391799952884,36.92539587344715,-26.763764532849926,7.498814987637117,66.77711124249069,18.05563797348288,-3.7148039001896414,44.04872730188671,8.5763794300715,-5.321766294106094,72.76725298182576
7.645,0.14505657822672216,1.4789331614281553,36.94290470271248,-26.725804986638863,7.478581319661487,66.77076583891514,18.026690325292165,-3.7077720041156237,44.05373884459088,8.564042159790034,-5.293670986048301,72.74813705492527
7.6475,0.14359960897066493,1.4753236789588837,36.95293901331651,-26.686457863057303,7.461868444267477,66.76891340457485,18.000533044798747,-3.7113819879544323,44.06335214404524,8.552613240298422,-5.2706950245952875,72.72940584133228
7.65,0.14357541383183883,1.4718979540205614,36.96509541808919,-26.64778960536165,7.441071984956314,66.7617661177854,17.973004030877327,-3.702548842076354,44.062708238843435,8.539476825166732,-5.24169383720319,72.72046685232732
7.6525,0.140816274978556,1.4692806506586975,36.971120384750506,-26.607247523737335,7.432435985122795,66.76139697748864,17.94855627595226,-3.7155075550287155,44.069313803100776,8.527016985173507,-5.223707430751965,72.70796326367682
7.655,0.1360329153706535,1.4673848458007768,36.974117270418034,-26.5666890827299,7.418608352919637,66.76064549411755,17.92287185904928,-3.718156066176927,44.07106092439487,8.515778253805278,-5.198720013717461,72.700700807045
7.6575,0.13374865000003847,1.4641439983379854,36.978763852354,-26.525985111203706,7.401307759507365,66.75917054432107,17.897552899026543,-3.71851805044892,44.07245174491253,8.50153418140653,-5.1739287485439185,72.69452351082724
7.66,0.13144931041901187,1.4605923378717969,36.98389040635442,-26.485867055889585,7.3844837343007175,66.75660445834657,17.871591323150497,-3.7190176937123405,44.07127096966156,8.48889480608283,-5.149226778871574,72.6908037557412
7.6625,0.1270898107236396,1.4586561930175317,36.98363186425991,-26.443748203417254,7.373890825530302,66.75715361152677,17.84812603975775,-3.7285789006242323,44.07320799144969,8.474270948766538,-5.128247895017027,72.68782761917552
7.665,0.1265723098031716,1.4514614244682635,36.991075999557395,-26.405077321532207,7.3474792643076645,66.75398402499482,17.82094659000133,-3.7176316480791227,44.0736160337172,8.46250655285107,-5.100223115726096,72.68130623033444
7.6675,0.1222122507145542,1.4477330778394486,36.98922303231899,-26.363520507615917,7.332599957689529,66.75607708715727,17.79714972117719,-3.72512474533727,44.07637957108057,8.44921553149417,-5.077989224369874,72.67752547198876
7.67,-0.8103544716565152,-3.485707038433003,23.243721130216066,-22.436134376185397,-0.363151239510637,72.5287453073597,21.04137995999394,-2.952114485746297,36.84394435733751,3.848868123144214,-7.063584279482278,101.46892031495926
7.6725,-2.25557975582499,3.855248091993922,30.660260013767058,-26.418578215353488,9.81019017343489,68.81783981110712,17.6128865309291,-1.2551695195092676,43.6473117064779,10.670510234822997,-2.6167469130964696,65.4258762370377
7.675,-0.9552826563589801,2.378203022436423,33.99585607324154,-26.314418038842653,8.186069962043808,68.39381864972722,17.724889780395593,-2.6293452725077207,44.19916169453239,8.865388379434531,-4.075256900114473,71.49092674153233
7.6775,-0.3045145514754196,1.730198359845825,35.653198640576704,-26.19676565568357,7.454369175601013,67.67338030916729,17.704955311366895,-3.240481855741504,43.916565602682056,8.433149306474585,-4.718173641838332,72.92953755581077
7.68,-0.09841463067031243,1.5151166403241105,36.17179884417364,-26.128809055787798,7.218204621993234,67.31443614730414,17.67828408632175,-3.472068169389742,43.78779174013853,8.33173368723231,-4.94375959748137,73.26924430390531
7.6825,-0.015527946103588765,1.4397660717168475,36.40350117685782,-26.076452613346383,7.127479520794366,67.10269956090482,17.65507056659069,-3.548780889484167,43.777292395911175,8.310326407892884,-5.012930210594173,73.30089748249586
7.685,0.017432975974866552,1.4225441065224738,36.49508554138223,-26.024616010218054,7.112497615668337,66.99857805640526,17.640585030157776,-3.606194615742985,43.80800003685053,8.301261584439098,-5.041863793900499,73.26699823586131
7.6875,0.045987545648145015,1.419836726732141,36.59545456247006,-25.988529887305965,7.091322884222825,66.91149732358727,17.614140549116147,-3.593285847203762,43.837048000350414,8.308160947818259,-5.020053896841271,73.21261598064932
7.69,0.04600410119653078,1.4199846380149288,36.63082181379271,-25.945895930150602,7.102764330335522,66.88772868824617,17.59783569046821,-3.644590715523045,43.89194240612958,8.30786710028604,-5.029648889313327,73.14456461666835
7.6925,0.05938224894360352,1.4254724540727866,36.683273996142766,-25.915746195501427,7.104779764654143,66.8641006385405,17.56636362127595,-3.6468976140712064,43.92490915162114,8.30807990313587,-5.00956287874814,73.07166761050155
7.695,0.05842817347918315,1.4281604570596678,36.723687389238904,-25.883018487731196,7.099879059023282,66.84916687042492,17.537553082542523,-3.6509578330797683,43.952394578203304,8.305487758982773,-4.989856562720003,73.01391299447609
7.6975,0.06495480334399954,1.4330032847796468,36.760385742947484,-25.8485780833661,7.095200083669288,66.8309681186311,17.509348789210975,-3.6466181218794462,43.96603458070994,8.292894170433154,-4.966247502112866,72.97520390284666
7.7,0.07002037629911662,1.4320115282717,36.80023821491285,-25.81557772389293,7.081578782503017,66.81197954794453,17.478282099166616,-3.64239845917848,43.97236882294194,8.285027669700005,-4.944043991852741,72.94465785109736
7.7025,0.06480021191048137,1.433324586675685,36.81272822886177,-25.7786227615762,7.086336562264171,66.81567310295885,17.45503662157383,-3.673091098205512,43.99887832470623,8.280599243278848,-4.9380082878542355,72.90368685287098
7.705,0.06226191734947435,1.4365060071816163,36.82921887279714,-25.744453561034906,7.080334562571197,66.81434422963926,17.42713309844426,-3.673403115465416,44.013494365895866,8.274455769560978,-4.914559659716195,72.86791031797465
7.7075,0.06593332535346996,1.4376793823074272,36.85366163415266,-25.70869968228139,7.069470557541373,66.80291613782019,17.399210268086545,-3.6655327398114603,44.01371184945607,8.255826888650397,-4.889804547965469,72.84934204250182
7.71,0.06310975381797378,1.4343259477449102,36.86662585987221,-25.671921609083423,7.057639579435393,66.79991093881354,17.373570524637696,-3.672781007099136,44.02274902260851,8.24896124454668,-4.872675055055468,72.83030201957
7.7125,0.06253872020398625,1.4315033413896938,36.88335142195782,-25.636329956397443,7.041775803334142,66.79621402985948,17.345460315166388,-3.671545349574453,44.03232920457221,8.240302743910306,-4.850951846305986,72.80542093417218
7.715,0.05997540894999873,1.4307897911552674,36.89297363311663,-25.598793908108256,7.030577077213738,66.79225884760187,17.32028251638514,-3.672818049540172,44.031198503444855,8.226576849553235,-4.829286541464078,72.79550378364813
7.7175,0.06175368092791439,1.4270629101719183,36.907359393221526,-25.561093202234147,7.014080440701477,66.78581629338123,17.294582260604397,-3.6684793090105403,44.03674617448844,8.211300954236897,-4.807777566193686,72.78162658381547
7.72,0.058434912743241134,1.4230109095041006,36.90970121583978,-25.522680762119098,6.999929512953593,66.78539109173268,17.27138608584585,-3.6714678340334075,44.04244353351851,8.201477572503764,-4.78796399587155,72.77206563723557
7.7225,0.0538491522971646,1.4233764909347617,36.910725756057616,-25.483088156028312,6.99382301206016,66.78658424488374,17.24854406796535,-3.6803346075164822,44.049382712346095,8.191227032672789,-4.769547885121324,72.76142324003091
7.725,0.05160993020700941,1.420295466247683,36.91660571841436,-25.445013659102965,6.979439664484036,66.78479563725077,17.223860804301342,-3.6785520972101264,44.04878890037806,8.17633050629584,-4.747961035576626,72.75457210746981
7.7275,0.049384809497459374,1.4164071179512767,36.920957779402556,-25.406523575755642,6.9616422930572845,66.78246273864626,17.198241044483645,-3.6768190065929476,44.044639368507056,8.163017020046007,-4.724887024320528,72.75372339612956
7.73,0.046140212778274695,1.410568024197546,36.92306342018917,-25.36796239373034,6.94456987797512,66.78315694162741,17.17544366384617,-3.6765809978922097,44.052857789067815,8.152576593372185,-4.704585632808002,72.74414224830217
7.7325,0.04206717224265248,1.4093876090302349,36.92212927151076,-25.328427926538836,6.933806033826796,66.78446581508179,17.152366905388394,-3.6819497507163135,44.05333602038597,8.139790847455581,-4.684013936939939,72.74011930451519
7.735,0.042189039144233394,1.4051007719175856,36.92839055141034,-25.290443351307776,6.915387148263026,66.77957728734039,17.12751641207479,-3.6721400599878176,44.05026217365527,8.12488840369154,-4.660950818958334,72.73985593824831
7.7375,0.0392315471531535,1.399264025298571,36.92881967453049,-25.251064488191666,6.894842419618869,66.77912760695567,17.104248844699562,-3.671744717814985,44.05032844877421,8.111714091988743,-4.63955844200289,72.73939193438355
7.74,0.035132348413159535,1.3960884860473477,36.927799070842404,-25.211664425414956,6.885164442779174,66.78000623905464,17.08178582494863,-3.6776249172834956,44.05133235119052,8.098857811197439,-4.621480445561222,72.73711470743747
7.7425,0.03134166823306141,1.3922028611264878,36.92600335392142,-25.172405353610277,6.869098108275679,66.78166776388767,17.05889979795377,-3.6776082488013118,44.053117808439104,8.086513280939574,-4.599755976469777,72.73478800987019
7.745,-0.9040852071619172,-3.5450318302958745,23.16547558566507,-21.25560283177292,-0.8344116462513872,72.60472495508562,20.323485988251768,-2.905210139470309,36.79301673912127,3.460270193611389,-6.582666966739087,101.61772975093233
7.7475,-2.3431998290623848,3.7814121733932544,30.59084131041059,-25.236832208617653,9.308242462733693,68.8094715489039,16.89452667248368,-1.1756967394317097,43.612136654942724,10.312454926179415,-2.1266933131580443,65.49204965170603
7.75,-1.0480998407471966,2.3187107331792527,33.92001979196128,-25.129972072832516,7.71390736544854,68.39783860710581,16.993761491556757,-2.5637502573795885,44.160734383227975,8.50971341771385,-3.5864332410458326,71.53972547196643
7.7525,-0.40438244470242396,1.673558692695341,35.5605879113263,-25.014061677668632,7.005231109285356,67.71425901019438,16.980516091555597,-3.2171300069347213,43.906556769349635,8.086472543530746,-4.25624527992663,72.98062821088455
7.755,-0.19642823863839945,1.456178920020742,36.098578742393705,-24.948371158419427,6.758110705990819,67.35379916393427,16.9537441052311,-3.424887923933168,43.77890073741722,7.963714525566836,-4.469077379838645,73.31003814922579
7.7575,-0.11571142617208309,1.3874773045521689,36.30890397528518,-24.894364815740307,6.679216716222176,67.14680248519512,16.935296443764514,-3.50780712275952,43.75318368610629,7.941700635969022,-4.5442830379435755,73.36772561846588
7.76,-0.07149371139177256,1.3674550308064792,36.43119699746267,-24.851323513524793,6.651394227861464,67.02405576871145,16.915306802268297,-3.539130151429135,43.78240413780838,7.947660316055194,-4.563436813337489,73.33263565794998
7.7625,-0.04787323230311283,1.3587257914132524,36.52045585460275,-24.81407726863171,6.63747665395137,66.95278359756965,16.89515335139061,-3.556620171187783,43.82592413337203,7.942045717613837,-4.568026250746511,73.26252496068668
7.765,-0.03869726205788562,1.3640897031587778,36.5688263688446,-24.77843779783624,6.643253748339736,66.91356268087505,16.871433947354703,-3.572133240623122,43.86224083149486,7.948994883101053,-4.562007225887453,73.20471962195472
7.7675,-0.03497494229713524,1.3672380260994672,36.6129994222282,-24.74554008194773,6.650537706424264,66.89634182747575,16.8482403255612,-3.5939889093852884,43.90963017138632,7.9496098545501015,-4.556927725061697,73.12919125898787
7.77,-0.03134164734890057,1.3730980111072693,36.651227732559725,-24.716027727427047,6.652093113690567,66.88105036485877,16.81840287853205,-3.5946148971571126,43.93172503118495,7.949373929297312,-4.53813978553376,73.07299815158828
7.7725,-0.028918654775605155,1.3783108090537413,36.68688382128072,-24.683372490616122,6.652218896542183,66.86625042871552,16.791388540848143,-3.59608412665882,43.950720311031844,7.940840486793302,-4.5212816048971005,73.02934299964822
7.775,-0.024209784051669944,1.378469376325544,36.72391095608524,-24.653452866436933,6.641285195894677,66.84971316332302,16.76206525063168,-3.590616540047842,43.95536879038537,7.935289519627723,-4.501112240409909,72.999243226821
7.7775,-0.021409375393466476,1.378195683518606,36.74902610424009,-24.618803214737213,6.634653122277318,66.83946904697387,16.735980794316443,-3.5946812694939023,43.96170535569425,7.918105537859606,-4.487502673189443,72.97492336283743
7.78,-0.01862841928132913,1.3749289934057876,36.78060542402457,-24.588016631340185,6.621214903440393,66.82923689820329,16.707742718352662,-3.5930053742297665,43.97577567313624,7.914330220392094,-4.469437554562548,72.93934813084988
7.7825,-0.021257937258623093,1.3763630194606797,36.791885240032926,-24.552945098970884,6.618665364415564,66.82605408139933,16.683345234667577,-3.601228816577991,43.98372147200708,7.904842662118428,-4.455144109976466,72.91895215845182
7.785,-0.021184835965091114,1.3756213445486254,36.8080032021397,-24.51799925059742,6.6080250197443995,66.8215488456952,16.65839186155313,-3.5999488461720937,43.99373420597827,7.89229475612014,-4.437396468111816,72.89536944211369
7.7875,-0.027038298922512815,1.374451112402833,36.81240940490317,-24.482484559399904,6.599982766574215,66.82402471735134,16.635761925151456,-3.6079550162700103,44.00315169913915,7.885139822741105,-4.42160495897334,72.87622984272546
7.79,-0.024976713917891268,1.3720273758452783,36.827488650969265,-24.448251008829807,6.5851717543565975,66.81830576704593,16.609775622854993,-3.596950474799547,44.00944338621008,7.871839220573945,-4.399797130576391,72.85788097917681
7.7925,-0.02846860184585481,1.3725939506011537,36.83182543664242,-24.41103668956794,6.579847161600201,66.81749020626803,16.58765413538595,-3.6059146735501098,44.016114483557914,7.862555298034882,-4.38449144756744,72.84610207407488
7.795,-0.029569088039663356,1.3688239478822255,36.841167368503676,-24.376199681652032,6.564919559118552,66.81462788099601,16.562422390210923,-3.600618033145527,44.01768833833041,7.8521893972041585,-4.365240870335833,72.83504264231216
7.7975,-0.033887576743434275,1.3671283844642113,36.843993336922686,-24.33899009013392,6.555571529333848,66.81423148138025,16.540452533499376,-3.605293815030961,44.02037065179652,7.840254789703944,-4.3479999912440555,72.82823447309194
7.8,-0.03406131044099333,1.3643878799805227,36.852983628272625,-24.302714556821694,6.541499559209881,66.80936526225179,16.51636946363037,-3.600364833544405,44.019107785766465,7.825711341273395,-4.328950789194786,72.82277984146378
7.8025,-0.037440083900749044,1.3610408754554801,36.852320446124814,-24.2656510544934,6.530701300646975,66.81061871742438,16.494708961136293,-3.606315356967559,44.023028641616996,7.816172523718083,-4.312508825127277,72.81763885088439
7.805,-0.0429196150029181,1.3594431499186899,36.85233448401374,-24.227785922826815,6.522187800315003,66.8127532131835,16.473062995412374,-3.612112674755491,44.0254305665515,7.802592936599736,-4.296248274588022,72.81097175137504
7.8075,-0.041957795320610086,1.3553171422264927,36.85747227273303,-24.19214652276165,6.503270051938275,66.8092090445447,16.448467890654896,-3.60103189718779,44.023056155383614,7.790221592086865,-4.2738376609240865,72.80929655973667
7.81,-0.0448371737444223,1.350290466943716,36.85840692546511,-24.15495238124741,6.489685757949951,66.80909473816482,16.426981233851635,-3.602516768078825,44.02578718132977,7.7768073960962525,-4.257334557418421,72.80580006608987
7.8125,-0.04788539175671887,1.346823087415984,36.859068782711944,-24.11798597829592,6.474680708209519,66.80905183051689,16.404411877393247,-3.601012866717551,44.027116608640576,7.766920346007346,-4.2374688682616215,72.80238790751415
7.815,-0.05017748935173253,1.3427219331451679,36.860116005596936,-24.08119661146511,6.461987003933124,66.80859775741756,16.381978659568833,-3.5995761081187565,44.026359930236296,7.753219034468169,-4.220328626636936,72.8007650521569
7.8175,-0.05226685135344821,1.33751111629265,36.861311743193845,-24.044551039114697,6.442852216582107,66.80757757904978,16.35948250223736,-3.5930200108007546,44.02640501932619,7.740984629495892,-4.200177570003395,72.79965711948155
7.82,-0.0545257537225196,1.332819010381887,36.8611997202311,-24.007735756546587,6.42737891002668,66.80702632569448,16.337110213155427,-3.5907451278579114,44.02463106140803,7.728341318509912,-4.1811643461992345,72.80087407438626
7.8225,-0.05671029106780823,1.3292243939474233,36.861228315803096,-23.97017341568893,6.412384132077407,66.80640031992161,16.315301376549204,-3.5894295968952763,44.024145459502115,7.714879616501117,-4.163547924918213,72.80122130425724
7.825,-0.06124728929546849,1.3255449638809893,36.85878781739347,-23.93269149178917,6.4009611101912585,66.8084186916322,16.29407664619102,-3.5936602500556156,44.02543593547849,7.70320263331553,-4.1466754456558155,72.79951548748595
7.8275,-0.0641886295222355,1.3227713075425698,36.85611557043373,-23.89523610658118,6.390664670743005,66.81013158385538,16.272995004637718,-3.5938385140961007,44.02658105675373,7.689668747700614,-4.130499923695241,72.79871794323573
7.83,-0.0673064538669248,1.3185122863844407,36.8549215145771,-23.858545366100504,6.376220937411759,66.81032154548792,16.25089193482453,-3.5913486930941403,44.02431792689929,7.677579190632815,-4.11142832705775,72.80061035674863
7.8325,-0.0700680517384905,1.3131043254183885,36.853064503171964,-23.82184777599903,6.35939566531679,66.81169759679288,16.22898744187166,-3.5889540880544666,44.023791917654776,7.6650961780281675,-4.092144535152178,72.80128372004314
7.835,-0.9850833077232175,-3.664764347292153,23.107865613857797,-19.896486537517635,-1.4169825051493719,72.58388153006618,19.52654922898054,-2.8097222899742627,36.7889759579375,3.0354298076329327,-6.0866933682887625,101.74406231250941
7.8375,-2.4623747807390086,3.712375514755711,30.50992645969867,-23.902454076663748,8.818827572430386,68.87424420104591,16.075589487479466,-1.0961274787752406,43.57643968945286,9.889325406472294,-1.616956408376292,65.52059634504307
7.84,-1.162367383520539,2.2530973277210373,33.822177386824755,-23.79807923568673,7.207893902985458,68.45040379759538,16.166445201732735,-2.4328697090416163,44.12378822451159,8.09322470139577,-3.0494608945594837,71.5885407256932
7.8425,-0.5082325644529274,1.5892213224470266,35.49306699317124,-23.67799570255716,6.483013595144525,67.7486918035439,16.157842255249385,-3.1045365633406408,43.86720604487715,7.654526926126388,-3.7386584135893925,73.04676517976101
7.845,-0.2980037782896599,1.3753976428363355,36.02309761405987,-23.609589908448598,6.242981402704829,67.37778487405004,16.137048960384313,-3.3227115285161877,43.742483620849505,7.544727503156346,-3.959211321036369,73.39326213106484
7.8475,-0.22286734219480567,1.3047259770069686,36.21877645584603,-23.557629699008746,6.175146431154259,67.18663257577852,16.121242698016115,-3.431983649041085,43.72972821410874,7.534383243549305,-4.053227396232339,73.44119802936446
7.85,-0.17533420352754764,1.2844686369321914,36.35092411859989,-23.519500659813996,6.140706699641988,67.06101375033558,16.101203036956022,-3.4430446708940385,43.755797363675285,7.530639519901571,-4.064808890602749,73.39835862902804
7.8525,-0.15827375955347622,1.2812966594676212,36.42235084922824,-23.481910237506405,6.142366941519935,66.99855195369086,16.084237656341713,-3.475372795548068,43.803263569869735,7.535392683491519,-4.079519732105378,73.33417589758619
7.855,-0.14902546817968307,1.2853493476492992,36.47410206426273,-23.450258485644547,6.14572614291094,66.96423835394262,16.061862952929243,-3.488356114270857,43.84369225697461,7.539167871238171,-4.0774680834306665,73.26570798031656
7.8575,-0.136600049950415,1.2903777885403456,36.534192018126966,-23.421985856164124,6.145263434234298,66.93106691679283,16.03387654143044,-3.4814627239490474,43.87288863033467,7.535735326049305,-4.062668738281724,73.2018243393784
7.86,-0.1280562005833373,1.296545285536798,36.57623910089072,-23.3907152188002,6.1443146306060035,66.90397429876151,16.008278984731568,-3.4801656546201754,43.88493521737838,7.52748932741496,-4.047721555717344,73.16797957350629
7.8625,-0.12515447944095923,1.2963670950861956,36.61294733516818,-23.36052246813954,6.1455509454379875,66.89177140043535,15.983539319911792,-3.4945961900378,43.91120441368566,7.524656730652021,-4.04296422259937,73.11883405872567
7.865,-0.12718072730497818,1.2987065281398473,36.63293746982855,-23.33060093252469,6.152072424656625,66.8919921629092,15.958988855565984,-3.5111744326625574,43.935411105871395,7.520741596957238,-4.037112939237404,73.07021839895528
7.8675,-0.12247696238996181,1.302283851039039,36.665778114808965,-23.302728718445625,6.142147978857019,66.87847020014583,15.93095763559256,-3.4949404309265764,43.94176224752697,7.511961163673908,-4.013279235497052,73.03744066608972
7.87,-0.1191764458608485,1.2994586770229437,36.69588513015295,-23.272108419140014,6.1299604460784645,66.86640846782326,15.904468181840125,-3.489873195298167,43.9485087447661,7.498418424742791,-3.999239876029642,73.01076590357256
7.8725,-0.11919709491136703,1.2987004773147106,36.71506893897826,-23.239747748699383,6.122051889951473,66.85810238332593,15.880828292894778,-3.490058183405066,43.957356474580635,7.490156134106421,-3.9861923442942393,72.98902307580498
7.875,-0.12297550512479512,1.2964954715088746,36.725193988626046,-23.208480200978688,6.115925771407822,66.85795465990316,15.856830673273228,-3.496679827359394,43.96779743461236,7.488607703956031,-3.9742132135655885,72.96649783651483
7.8775,-0.11908261238369314,1.2978026280277326,36.7409608115531,-23.175312232300673,6.105973059515264,66.85129557212984,15.834216782830692,-3.489136800338193,43.97571260984589,7.4717313486451475,-3.955969757148598,72.94692344914941
7.88,-0.12416258917330615,1.2963443258431169,36.748175171098424,-23.14181506829815,6.100139679540045,66.85077017871733,15.810706700608277,-3.4964740603934676,43.97829703328932,7.465195736478257,-3.9445036800231064,72.93437857172414
7.8825,-0.12467281112400434,1.2941852504343092,36.75825083015847,-23.108885090342216,6.088470339500216,66.84734869976039,15.787820938798456,-3.4909331315713312,43.9847783285782,7.454578922235722,-3.927607938228638,72.9196216604808
7.885,-0.12647409254613406,1.29392077692764,36.762633077847084,-23.073749983840862,6.0834678861181954,66.845331318244,15.7664261454618,-3.495312092900034,43.98467209588203,7.440423538332572,-3.9146816306693824,72.91433720359935
7.8875,-0.1283252903703483,1.2897639807113221,36.768165140117574,-23.04028802096172,6.069373524875905,66.84518262599009,15.744533666435064,-3.4929955959096715,43.991985023421336,7.431989800076028,-3.899199479298166,72.90156702759573
7.89,-0.13028500902506063,1.2896768550085536,36.77185278570467,-23.005244082008264,6.061871004758036,66.84231051711785,15.723040877270032,-3.492547510594502,43.989160889948664,7.4177860516962095,-3.8833421501735783,72.89966077449883
7.8925,-0.13122706220502087,1.285285437883019,36.777312559459205,-22.97172436851312,6.046802680332189,66.8404803341251,15.700824738778223,-3.4885022311283262,43.99196806851534,7.409360278962249,-3.867186758393632,72.89300948039899
7.895,-0.1343663343633411,1.2826797562276206,36.77895777660961,-22.93712373631331,6.039036831119138,66.84133575046909,15.679728509315963,-3.492358294062381,43.995354377420135,7.398086651633113,-3.8541909867688173,72.88577702041324
7.8975,-0.13487521838196842,1.2781269639564459,36.78496094061804,-22.903771982626218,6.022335842146109,66.83815228612505,15.656496459780083,-3.4822556513580705,43.99399436637155,7.3863762843492164,-3.8358610360926346,72.88193714550107
7.9,-0.136853230174807,1.274373510450296,36.7861037715791,-22.868798012723733,6.00865967080055,66.83709765046832,15.635738748083355,-3.4803100107365035,43.994341650183415,7.374415926473257,-3.820323069383825,72.88060289068964
7.9025,-0.13954557980364524,1.2720924698867915,36.78487461564209,-22.833361624791234,5.999872657314467,66.8376411396321,15.615323521438595,-3.483068049284764,43.995228991909045,7.362426256800577,-3.806163951304572,72.87905907961802
7.905,-0.1415557545630474,1.2673112146125984,36.7856562583856,-22.79943331635022,5.986457566135754,66.83865093295807,15.593960399863843,-3.480349644750488,43.99738675940324,7.351399441036768,-3.791091112424413,72.8742684504115
7.9075,-0.14450880872964797,1.2646840229368694,36.78498377663548,-22.76438992240334,5.975433969597222,66.8386618996771,15.573279911608973,-3.4782634972695754,43.99642885931421,7.339235722903104,-3.775190643663632,72.8742676195144
7.91,-0.14547342736476016,1.2598809423012083,36.78765849935807,-22.730260818572827,5.957267027358738,66.8361233756412,15.551281365416083,-3.469081066329034,43.99317031960422,7.327525951517305,-3.7569855638065315,72.87611514357044
7.9125,-1.0777482705301313,-3.7074129055483653,23.01212372546093,-18.79572014777066,-1.7979812648370357,72.63558548025632,18.848858432026873,-2.6921137912229463,36.74662620598482,2.6922509973741304,-5.737499495143298,101.80801103261108
7.915,-2.5377057243771173,3.647154286892279,30.435755496934412,-22.81645178030074,8.397358770248808,68.89414723963041,15.407106356487809,-0.9642012181465466,43.54986771199572,9.553275382749042,-1.2720729304395808,65.59895602521829
7.9175,-1.2258018763612233,2.190343083668351,33.782520096930476,-22.708537353218237,6.795091526813084,68.4601289856344,15.496161382777258,-2.3242467504583746,44.09108007600405,7.741048305185641,-2.7168788740021577,71.68532379276212
7.92,-0.579553286701677,1.5369035007564276,35.43084298492522,-22.59176803623631,6.087387559754262,67.76326730163102,15.489001039488825,-3.0008531957483293,43.83854667050906,7.324870802847703,-3.407025364598533,73.1281458699688
7.9225,-0.37577865661538495,1.3255014386146078,35.946328698796485,-22.52781218600456,5.858036620777503,67.41321198440413,15.465619415953809,-3.231714741038624,43.70393960100716,7.210560900019545,-3.6352534543923967,73.47378898765841
7.925,-0.29336791034409815,1.251233754254702,36.170860261847274,-22.480927739606443,5.775063024779887,67.20903780550631,15.448020347611992,-3.3135342143784303,43.704804978195426,7.196431612903594,-3.71412780797505,73.49896809982586
7.9275,-0.2593931579000626,1.2367853665556268,36.27178721386461,-22.4360571460399,5.756190566725882,67.0925540297982,15.438302825595976,-3.344694262752085,43.73251619934677,7.191434480858648,-3.7377412452925984,73.47100889393592
7.93,-0.23593754916244175,1.2289747241077442,36.354621964347956,-22.406805878300943,5.748745281110927,67.0297310216878,15.417922498377056,-3.3654953829286205,43.78482254941585,7.2073428678763065,-3.751044903060774,73.39299712343515
7.9325,-0.40944808959658724,1.4405695237347451,35.98240754588826,-22.413928773714563,5.9733354377867665,67.20494068469367,15.368414080576542,-3.1617418526976895,43.84188913285778,7.338992896297993,-3.534418423013949,72.81988895297668
7.935,-0.40345462181124914,1.437442823408234,36.03322580679209,-22.390491126640125,5.9777252309253,67.20023803922778,15.341994656261392,-3.192634202107654,43.87328406126799,7.330157679739332,-3.546992068604053,72.76881185211255
7.9375,-0.38275413206342973,1.42962175355696,36.11597339390479,-22.366619235531775,5.956132917050373,67.16275086682442,15.31008877757791,-3.1856752594436326,43.87511807443507,7.311975853176513,-3.54066561339169,72.7566055622167
7.94,-0.3660746379121474,1.4182127556051929,36.18305995815043,-22.341662903599097,5.939277747377301,67.13736836447367,15.280163594007755,-3.193908469650757,43.88200204762986,7.2973916593795565,-3.542279969945215,72.74345287039905
7.9425,-0.3614940699950375,1.4125203846910073,36.2184256310193,-22.31046602837925,5.9370587517472195,67.12736470325932,15.259139859596758,-3.222282433844604,43.90791391143922,7.286847121014771,-3.550020493729776,72.71919750127824
7.945,-0.34854245635628384,1.402293562594415,36.274722782470754,-22.282433818218344,5.91990114613875,67.10296198207703,15.232458920485074,-3.2266848057537945,43.90758875375979,7.269619005012285,-3.5467982444267987,72.71849672867131
7.9475,-0.337670620510482,1.3934247930537653,36.314797242373004,-22.250334082369186,5.905389180603755,67.08560142474016,15.211127835965963,-3.235337975882744,43.923054197098736,7.252306455087092,-3.545744311821907,72.71366844515634
7.95,-0.329680451543926,1.383076109334403,36.356726205863815,-22.22072933664556,5.887906072373578,67.06779398237549,15.185380139079589,-3.241647293963771,43.919157739679434,7.239180522951961,-3.5422737221590137,72.71958151356445
7.9525,-0.31994823346858386,1.3737718768791902,36.391921684315314,-22.189046080725102,5.8714624480825055,67.05075242002353,15.162144246645648,-3.2463776091247354,43.922538731929926,7.222723670673095,-3.538510162917914,72.7232944024828
7.955,-0.30962453865884854,1.362660840380371,36.426698390333115,-22.15746201673204,5.849161674898097,67.03401296736013,15.14017181244981,-3.2462517369717228,43.927094494610316,7.206009692235304,-3.531845870108087,72.7270862466068
7.9575,-0.3062712641668736,1.3545022934368278,36.44759959370136,-22.123993132951725,5.838138034028237,67.02730446036193,15.120217718985554,-3.262133619074519,43.93268186292956,7.194442465412594,-3.531264007534448,72.72785068481542
7.96,-0.3031464723648466,1.3457564641031123,36.469594269777716,-22.090750312523536,5.825896980084263,67.01924034187817,15.100661913719083,-3.2738660497335945,43.940304365043076,7.182414484939768,-3.5284886432718205,72.73029432406625
7.9625,-0.29530664510418003,1.33832454768378,36.4903387232579,-22.056350625612833,5.812038733453138,67.00843443587421,15.08091452245435,-3.2804014060672912,43.943350732778654,7.1635816900222675,-3.523752594107989,72.73916484766848
7.965,-0.28984808395365746,1.3281276644121514,36.515813209418546,-22.023909656936205,5.789215098944513,66.99481390658771,15.059847925671681,-3.276330097660184,43.943381727987976,7.150272783519225,-3.5137247956519926,72.74732135170711
7.9675,-0.28780269867241287,1.321355507808268,36.526248634014465,-21.988631347694813,5.779317403917992,66.99047440226099,15.041738268549992,-3.2900413746537134,43.94851392886079,7.13644676539346,-3.5100377420695796,72.7539215608627
7.97,-0.2802348890769246,1.310871378064724,36.549759177883026,-21.956418357741434,5.756952437719052,66.97684795042358,15.019869662103302,-3.282125230389708,43.9452375655677,7.1205305336985845,-3.4995387151791855,72.76308724852775
7.9725,-0.27732864380972444,1.3030887796043358,36.56285722716371,-21.922188541798604,5.742160432738244,66.96963323713638,15.001228990312999,-3.286936003986226,43.94838549094877,7.107519806525146,-3.49195185428058,72.77132687125359
7.975,-0.2746869513396366,1.294305116793685,36.57457940020383,-21.888200949208134,5.724075990642338,66.96467335704679,14.982235972791251,-3.289761791817595,43.953953460728535,7.094743616014871,-3.4842059017194993,72.77564400642545
7.9775,-0.2730352226685461,1.2897788921267515,36.584041983823816,-21.85283425880142,5.716696509370554,66.95809035672335,14.963713022591477,-3.299893882054363,43.95093217616879,7.079581865006153,-3.477771672260063,72.78919949142707
7.98,-0.26925025917106715,1.2804888272121715,36.59767130973766,-21.81957640433682,5.696640007433704,66.95000492975117,14.944384520288104,-3.294932153094401,43.9539282673555,7.06630021942364,-3.4671186970596244,72.79503610935043
7.9825,-0.2682278733215218,1.272988307586546,36.60565555592647,-21.785638531596895,5.680157232836004,66.94511662632483,14.924368109152645,-3.296617731821534,43.954585636264305,7.055190701315473,-3.457521028765632,72.80200449594746
7.985,-0.26312841737947473,1.2619073824675335,36.618971863558784,-21.75337200001736,5.654663256716885,66.93775003565958,14.903361918234099,-3.285414419750772,43.9552395965276,7.042365586226833,-3.4447569567405716,72.80674826399661
7.9875,-0.2632870033351744,1.258234436368227,36.62312818465828,-21.71774891113752,5.648036161915807,66.93404236420359,14.886104638803534,-3.2959500437186797,43.95460997318436,7.028408620679669,-3.4370389399307455,72.81786755508816
7.99,-0.26127528152014573,1.2509887237633694,36.63071296627843,-21.68397477405028,5.632836404896671,66.92908902074925,14.867270676163747,-3.2949486333666154,43.955255592174396,7.014777122047633,-3.4274292675002345,72.82505611592927
7.9925,-0.2601681037538349,1.2424182576389977,36.63766269400978,-21.650636902476172,5.6111093695631515,66.92485058145382,14.847415850244632,-3.2891613660444885,43.955867483334096,7.00320533920609,-3.414652956141799,72.83145632805133
7.995,-0.2597584673179725,1.2371667182905384,36.64048917330071,-21.61640172091964,5.60270060158619,66.9228770063584,14.829439183024482,-3.296389266697767,43.95708708733149,6.990561506697789,-3.406349269004598,72.83854644162874
7.9975,-0.2597683529240389,1.2313173872006016,36.64630740870667,-21.582414062659726,5.588340620559912,66.91882082947798,14.810672232121098,-3.2965695860689816,43.95630936268657,6.977642846839113,-3.3953396805754523,72.84584763338579
8.0,-1.1760925017507835,-3.7501931963977646,22.891988614128095,-17.653589317592004,-2.200044911555428,72.67241557765026,18.122262754876026,-2.5203018461434805,36.7364854776957,2.35138079750064,-5.3774918594470735,101.77245111854091
8.0025,-0.6258746062314243,1.3292037480501835,34.942308283743884,-21.287093663842853,5.480406666506217,67.47158805984184,14.97627178329837,-2.8096923215835656,43.562363539465814,7.112849616197214,-3.1251275098394062,73.39816195161956
8.005,-0.5643825665323269,1.3184430443000323,35.227201908522474,-21.294531708965355,5.4855798721737346,67.37149590633153,14.920756421906173,-2.8850423984461426,43.61680051918825,7.049284967919752,-3.1721593257050777,73.40570239505995
8.0075,-0.5534392311096403,1.3348925807020293,35.35710391681107,-21.29558419388608,5.524480700052287,67.35030906546166,14.873733766831268,-2.9389303702186935,43.671400541069794,7.049881144357051,-3.1952005982067786,73.27981675258606
8.01,3.9253775083854596,0.9581327614753329,29.105749295758372,-9.851963275546666,3.5829890690708366,53.085369638348155,25.329908284812568,0.39535692105997033,59.9112149198821,15.466803900054005,-1.4178854343532965,77.59320884012745
8.0125,10.858773074294467,2.347306860498128,15.753024434403672,5.654643227733993,5.526375223814793,42.19532791005321,23.759514142035798,0.81557617383534,72.63099720687117,25.35053468243558,-0.5635993471222789,86.185260136351
8.015,0.13041891023390695,0.12502714316218783,0.11912517669491862,27.506622017324116,4.239653386639796,34.84037966430179,20.91555373840779,6.732906930521496,82.22196690064776,41.61428052815985,3.2374326099933945,94.97231447854642
8.0175,0.007992503912551373,0.003674823884082995,0.0953950422313703,21.53126378452151,-2.4161595072095725,37.59405348138217,22.7923859958095,5.607467347396574,74.67555905777816,32.83467762197076,0.4908086244970936,106.71595584039247
8.02,0.00640035576973067,0.0029427872530050836,0.07639204666024924,20.146745722045402,-0.6326747751089735,40.30084443183069,25.068451846010703,7.3867475403704095,82.7529905569133,32.01392747612444,2.627283598102828,104.16060339221639
8.0225,0.00640035576973067,0.0029427872530050836,0.07639204666024924,12.631333966969843,-7.592826118736179,48.70482595417968,19.138317405084297,2.1655973710040537,52.09887865400903,22.03127826976785,-3.38518526300684,114.56069674718566
8.025,0.00640035576973067,0.0029427872530050836,0.07639204666024924,9.028660490373436,-6.733982336959092,54.80596659045108,20.264047756120366,3.74439534768076,52.91693928866317,18.529628307590976,-1.9752223678472014,115.05019985694081
8.0275,0.00640035576973067,0.0029427872530050836,0.07639204666024924,6.949999703505332,-5.3549330454162405,58.61019738683521,18.745067349296534,3.7943697248114305,50.877967195823004,16.475712786534682,-1.4870776435946524,113.89988428668507
8.03,0.00640035576973067,0.0029427872530050836,0.07639204666024924,5.570469248639682,-4.440404503762572,61.8551068585645,16.80156578020569,3.7193243924615964,48.507017050455,14.79882555358943,-1.2448408052593725,113.27298377558057
8.0325,0.00640035576973067,0.0029427872530050836,0.07639204666024924,4.620780956577861,-3.643273599340727,63.947461570523515,15.354209575220956,3.346902859025016,46.455441978035225,13.461174838660268,-1.241273605138823,112.79029568327874
8.035,0.00640035576973067,0.0029427872530050836,0.07639204666024924,3.851035133304584,-3.0478791011998454,65.88451058224464,14.144458288146582,3.2015351936686067,44.94505615232199,12.345531664917972,-1.1397358889466405,112.30770116318875
8.0375,0.00640035576973067,0.0029427872530050836,0.07639204666024924,3.1928513869320634,-2.7559988516526053,67.55637139884703,13.047918245492186,3.128574541961274,43.4147946855586,11.339363228688514,-1.0729938989407186,112.08189285551967
8.04,0.00640035576973067,0.0029427872530050836,0.07639204666024924,2.7480294484881416,-2.3379080512711776,68.87317003380555,12.085068585700737,2.9716952562866688,42.001388328604484,10.356121400930723,-1.0328014258793627,111.79294611383762
8.0425,0.00640035576973067,0.0029427872530050836,0.07639204666024924,2.441366323392714,-2.4463552720407886,69.98770270957077,11.26940407003328,2.8932941074932668,40.710592368378514,9.435110148825459,-1.0943013251474891,111.85149660273312
8.045,0.00640035576973067,0.0029427872530050836,0.07639204666024924,2.054939380436844,-2.2595256957448604,71.24314940073734,10.610864573951279,2.8763823250732057,39.60377636766046,8.503902953738363,-1.024250953605641,111.56148543018064
8.0475,0.00640035576973067,0.0029427872530050836,0.07639204666024924,1.4595448459773552,-2.626328284176602,72.35715606828447,10.741900107074933,3.137928223308083,38.58231187649655,7.409597682872866,-0.9165090157966289,111.81764572269014
8.05,0.00640035576973067,0.0029427872530050836,0.07639204666024924,0.9504226178854522,-3.0789008700832508,73.09013125159494,10.871542382015798,3.3215752050136342,37.63524844482731,6.31095220329718,-0.8930164492438754,111.83160367217265
8.0525,0.00640035576973067,0.0029427872530050836,0.07639204666024924,0.41676280755987,-3.2910703899944957,73.80387136172685,11.006899920655487,3.5847035564059433,36.84426102192459,5.364969418092305,-0.7414264538004833,111.50147773959387
8.055,0.00640035576973067,0.0029427872530050836,0.07639204666024924,-0.08317511844433116,-3.4879927395973147,74.54507634418846,11.145361039346842,3.8440755133765667,36.13541639607051,4.3819271416161865,-0.5804482624715999,111.11535034622953
8.0575,0.00640035576973067,0.0029427872530050836,0.07639204666024924,-0.39107452644136176,-3.9948922360516637,75.36449890752833,11.277428791278332,3.9580364378695263,35.25946680759056,3.3440640659116085,-0.6153240470860273,111.66596430780108
8.06,0.00640035576973067,0.0029427872530050836,0.07639204666024924,-0.7935322102144389,-4.198128675340773,76.1704992303378,11.415910020020615,4.264307828961753,34.56438157746587,2.3791063429128405,-0.4185712698657882,111.33755535948002
8.0625,0.00640035576973067,0.0029427872530050836,0.07639204666024924,-7.166496602112775,-0.8022831182384828,89.3465534163513,10.785164917531345,4.167421865287919,32.5772245292226,-0.2851843422174526,0.600322495640984,110.07114997106866
8.065,0.00640035576973067,0.0029427872530050836,0.07639204666024924,0.500233021839446,-6.265246896225563,68.81927256513436,11.67548447138024,3.460439015558193,34.008173638285434,2.7206471721699623,-1.5336376877692486,109.40243315584411
8.0675,0.00640035576973067,0.0029427872530050836,0.07639204666024924,-0.04658132739999582,-5.634349947454486,74.83081569513146,11.824605432199306,4.641741275214362,34.0195724962982,1.375971526453314,-0.4746736144059722,110.89488772230771
8.07,0.00640035576973067,0.0029427872530050836,0.07639204666024924,1.4795487112503898,-17.54921346343996,79.10103147330175,11.563982342826904,-0.8282335549883836,26.80967614432449,0.42787736531428183,-8.210587827359245,140.1117452069659
8.0725,0.00640035576973067,0.0029427872530050836,0.07639204666024924,-4.130204190467621,2.5075966835443273,76.10595413320749,11.418943569632086,6.762245233356356,36.12130984623674,2.543901531850464,3.697163371655392,91.50772521518387
8.075,0.00640035576973067,0.0029427872530050836,0.07639204666024924,-4.207619848127826,-0.2771295885923881,78.69729462371086,12.087768196608296,6.322395783017615,35.538972571197505,0.1087532165536935,2.507903013709544,101.01992619224832
8.0775,0.00640035576973067,0.0029427872530050836,0.07639204666024924,-4.179596107480276,-2.4020061921322697,79.66915903299098,12.33093062316714,5.772707436477067,33.71080257796505,-0.592765047303239,1.4879817436609872,105.61900610772504
8.08,0.00640035576973067,0.0029427872530050836,0.07639204666024924,-4.174249449788028,-3.6845293712231544,79.77997869562586,12.47972817662036,5.362101097298989,32.41161999765327,-0.9938016298371805,0.8416294054911233,107.9122343307442
8.0825,0.00640035576973067,0.0029427872530050836,0.07639204666024924,-5.285294145257831,-3.4013332476013733,79.96971759245632,12.620455388985546,4.261994873195751,31.802704267967812,0.3942097043775615,0.15202119080774273,109.34587405315006
8.085,0.00640035576973067,0.0029427872530050836,0.07639204666024924,-5.705236741223577,-3.903068909727106,80.03272598019285,12.762585013093267,4.11718082853748,30.86367246030124,-0.1278256022237664,-0.06634966746886972,110.07867186815854
8.0875,0.00640035576973067,0.0029427872530050836,0.07639204666024924,-5.725704173740298,-3.954756551483004,80.3821753022059,12.471020153647498,3.914038993345395,30.406581893423187,0.02309787934671314,-0.19543831356855002,110.4687287327583
8.09,0.00640035576973067,0.0029427872530050836,0.07639204666024924,-6.381390664193002,-3.431895330890992,80.71712726659536,12.179136335519203,3.521429394657257,30.040090485461754,0.38207434186611555,-0.29810337433117656,110.28334840000326
8.0925,0.00640035576973067,0.0029427872530050836,0.07639204666024924,-6.982238020878228,-3.337562256931856,81.17061785712774,12.246938858669726,3.396203818871678,29.543421499702994,0.11781477338879925,-0.32761801339473456,110.26154231196631
8.095,0.00640035576973067,0.0029427872530050836,0.07639204666024924,-7.616420870419716,-2.7592643358249123,81.51582046859731,12.06133358603268,2.933208807974705,29.203335224772715,0.6495905368005419,-0.4663884340596942,110.24258061237536
8.0975,0.00640035576973067,0.0029427872530050836,0.07639204666024924,-8.212358525399015,-2.5394432252370738,81.88975664340174,12.100172217312457,2.8005191472180964,28.85745166152548,0.592306003603389,-0.47028323586140963,110.05081437679056
8.1,0.00640035576973067,0.0029427872530050836,0.07639204666024924,-8.74217249297506,-2.085932564168973,82.22505125336637,11.991342780490683,2.4693524326504304,28.588766829320363,0.9780823525113193,-0.545842608455305,110.13517637017921
8.1025,0.00640035576973067,0.0029427872530050836,0.07639204666024924,-9.058128343428654,-2.3186452624748224,82.15275277576575,12.253130284995985,2.3831753335440893,28.2472050027608,0.7708017299062689,-0.6590128490622861,110.20858085840788
8.105,0.00640035576973067,0.0029427872530050836,0.07639204666024924,-9.541701062083089,-2.007143340058614,82.88250341610255,12.30151046576301,2.4070205067011448,28.021705631210722,0.7069081325323439,-0.5271224483965637,110.02182364444154
8.1075,0.00640035576973067,0.0029427872530050836,0.07639204666024924,-9.888818615121815,-2.0936160381357665,82.70553673361043,12.579041989439157,2.247617363615562,27.850726892773288,0.7948888912472528,-0.6455811894297793,110.07403136887386
8.11,0.00640035576973067,0.0029427872530050836,0.07639204666024924,-10.249284570946598,-1.9669027761105784,83.22534037749932,12.817856418553,2.4025207689536128,27.760405023587566,0.6060761951002127,-0.47467316802006876,109.97153780745508
8.1125,0.00640035576973067,0.0029427872530050836,0.07639204666024924,-10.474013229992321,-2.0196508428783413,82.92269192327446,13.184408012892922,2.3548483794053277,27.784593407761143,0.7057824491908139,-0.5039246755141955,109.80754783780658
8.115,0.00640035576973067,0.0029427872530050836,0.07639204666024924,-10.892533203252471,-1.8906496413377338,83.51485735179052,13.315437355470758,2.3749505354438774,27.441552718016403,0.5081969908640092,-0.42750953355091204,109.67048954687118
8.1175,0.00640035576973067,0.0029427872530050836,0.07639204666024924,-11.293763785181387,-1.8608656339492746,83.38462361253367,13.58374173395621,2.252114314714076,27.294586423177314,0.6307088749599506,-0.4849842325330045,109.49098140316629
8.12,0.00640035576973067,0.0029427872530050836,0.07639204666024924,-11.445889103753927,-2.0968339156980718,83.71910577025083,13.968318058370514,2.4606867104779897,27.223308397160793,0.21971169835658155,-0.38685989434711376,109.65640939713175
8.1225,0.00640035576973067,0.0029427872530050836,0.07639204666024924,-12.025766320273034,-1.5585501200867737,83.81822158961977,13.883507353170828,1.997196512024268,26.99982152653491,1.0254392248995572,-0.5416216462665935,109.72563242467815
8.125,0.00640035576973067,0.0029427872530050836,0.07639204666024924,-12.223526794951008,-1.6513669282622654,84.29767809784155,13.980524223873022,2.1418853835355995,26.74333552066252,0.5004298414101365,-0.4533530179339537,109.64220032488721
8.1275,0.00640035576973067,0.0029427872530050836,0.07639204666024924,-10.396560123154938,-13.622389113765779,85.79487384329633,13.918782471800021,-4.163390588284574,20.075636478854328,1.9226535103160602,-8.944633870225276,139.47356249403632
8.13,0.00640035576973067,0.0029427872530050836,0.07639204666024924,-13.928006956946309,4.357257744731439,83.55847501457997,13.366243710205321,4.49518598734603,28.17988941907022,0.21430290723199474,3.274168532619511,91.23119773276161
8.1325,0.00640035576973067,0.0029427872530050836,0.07639204666024924,-13.66576397620586,3.4352747918103046,84.66859149469292,13.533515810278598,3.5280326155616843,29.809198369537384,1.166477590413325,2.205977632770064,99.2891391473292
8.135,0.00640035576973067,0.0029427872530050836,0.07639204666024924,-12.232860201940918,0.855955993662484,85.22573663917827,13.033193712652617,3.150925512149311,28.1733778824525,0.03330673769629103,1.108251855890712,104.34717464859672
8.1375,0.00640035576973067,0.0029427872530050836,0.07639204666024924,-11.73133333859981,-0.5052696035351681,85.1784795164094,13.114442782750666,2.6864379535058736,27.103482471088398,0.3179606204183354,0.38228881485921246,107.14498045206774
8.14,0.00640035576973067,0.0029427872530050836,0.07639204666024924,-11.487964168416354,-1.1467828379340659,84.96167321067396,12.908201677060946,2.22382298168203,26.38971675831872,0.5611020357919932,-0.13297005692769007,108.41960206353417
8.1425,0.00640035576973067,0.0029427872530050836,0.07639204666024924,-11.09873267480395,-1.6760608027287083,85.08493842120983,12.69729573921264,2.2198560933183455,26.004198683479792,0.44743272555460767,-0.27910667948139795,109.43407554334166
8.145,0.00640035576973067,0.0029427872530050836,0.07639204666024924,-10.988892792949596,-1.7520118815835073,85.00771934620931,12.590995268466669,2.024402536184988,25.735530968461653,0.618341791595533,-0.4303511581001718,109.55084438101866
8.1475,0.00640035576973067,0.0029427872530050836,0.07639204666024924,-11.169963067757978,-1.2913889452874914,85.11742576294662,12.277318080759581,1.709604999521822,25.708227870024267,1.3133371303297698,-0.5092484936995243,109.54009455207098
8.15,0.00640035576973067,0.0029427872530050836,0.07639204666024924,-10.94380062952977,-1.5287501007485134,85.44085081596194,12.019233007954297,1.7296991946030007,25.264477134501213,0.8223096187315788,-0.5513260504207436,109.8749265827613
8.1525,0.00640035576973067,0.0029427872530050836,0.07639204666024924,-10.747878557458531,-1.6528553434691737,85.74218140538974,11.852913525635802,1.9264616377574066,24.960448276593112,0.43415505184990144,-0.42716744714526733,109.63431025928459
8.155,0.00640035576973067,0.0029427872530050836,0.07639204666024924,-10.473305488475791,-1.6229352626321756,85.51843552690352,11.625011476566026,1.819169884505254,24.958060844087036,0.7382188929492409,-0.48570884526027136,109.67684261027277
8.1575,0.00640035576973067,0.0029427872530050836,0.07639204666024924,-10.129044428944722,-1.811147533043702,85.93096325466453,11.371231153843143,1.9740637984404723,24.745736497585682,0.36108316206995733,-0.4188755701500144,109.70395427271625
8.16,0.00640035576973067,0.0029427872530050836,0.07639204666024924,-10.277402312599907,-1.3774019652963467,85.87806704469044,11.138756902794361,1.5730188575870327,24.756853924219037,1.1800634586718053,-0.561955812010364,109.89908490659901
8.1625,0.00640035576973067,0.0029427872530050836,0.07639204666024924,-9.966383635949756,-1.5790762585260187,86.26953895919917,10.903139745277816,1.8672317746609683,24.463374715350902,0.46797105212573864,-0.39979786560425423,109.63955739904847
8.165,0.00640035576973067,0.0029427872530050836,0.07639204666024924,-8.02444839667681,-13.03006805002014,88.28215817988455,10.01346844795938,-4.639104832475193,17.597781958655673,2.396402836569195,-8.726128317368733,138.89734694322823
8.1675,0.00640035576973067,0.0029427872530050836,0.07639204666024924,-11.305471797263342,4.999949737581475,85.17569508371804,10.423627562236385,4.426017955384637,27.295169383107975,0.7312520058992766,3.520289661040731,90.90398934302551
8.17,0.00640035576973067,0.0029427872530050836,0.07639204666024924,-9.964902317417293,2.4979326203726098,86.59308089465578,9.866729126197155,3.6320465496923138,27.183579740592464,-0.04070797295664198,2.1285621830686776,100.0229785203271
8.1725,0.00640035576973067,0.0029427872530050836,0.07639204666024924,-9.016686449217142,0.5672233073215833,86.68045079953471,9.807187829633667,2.8929384762013015,26.236067174458,0.48061712507605975,1.0263043331570219,104.97097710640422
8.175,0.00640035576973067,0.0029427872530050836,0.07639204666024924,-8.387403661587593,-0.7742538223178048,86.80460064217188,9.62016595434117,2.5321449729397734,25.09037725811597,0.19894534469309702,0.38177833516553483,107.39011818021544
8.1775,0.00640035576973067,0.0029427872530050836,0.07639204666024924,-7.898019879405606,-1.5193509259766678,86.98688504526228,9.379075906346884,2.5819699263092413,24.466853201669338,-0.1092025952567825,0.20949113247108467,108.3443678301567
8.18,0.00640035576973067,0.0029427872530050836,0.07639204666024924,-7.763189854861083,-1.8311612230176741,86.89042026164272,9.127354788359558,2.0323494663605635,23.967689902508397,0.5625409864771761,-0.26878651799291786,109.84208465850537
8.1825,0.00640035576973067,0.0029427872530050836,0.07639204666024924,-7.560451207103896,-1.9251377071345706,86.77394579683191,8.95567730326311,1.9016721517405446,23.731941254339517,0.5696632344807852,-0.3815307021925495,109.90350718707651
8.185,0.00640035576973067,0.0029427872530050836,0.07639204666024924,-7.312022575550821,-1.9951746807790458,86.99777427446757,8.653365156048693,2.0083547684419565,23.558871418138814,0.337638741133929,-0.3196534692564464,109.7134478817981
8.1875,0.00640035576973067,0.0029427872530050836,0.07639204666024924,-7.200734550194139,-1.902729650018687,87.10880698446196,8.432151578162658,1.8946206575353188,23.32136848186451,0.5167254719665555,-0.35513974635181,110.01196708231926
8.19,0.00640035576973067,0.0029427872530050836,0.07639204666024924,-7.05779122684669,-1.837941608046867,87.47653188917845,8.12853356835203,1.9027274976152373,23.236978722366715,0.3922760069907286,-0.32846633230870576,109.76816560711522
8.1925,0.00640035576973067,0.0029427872530050836,0.07639204666024924,-6.356335581944919,-2.399895309755367,87.80762252758768,7.918952358621767,2.407009572386208,22.81112819297376,-0.7281233027664616,-0.11802810159647423,109.6924395831449
8.195,0.00640035576973067,0.0029427872530050836,0.07639204666024924,-6.280394397164522,-2.1626191663066083,87.58785757771702,7.66096925767064,2.0133914715399337,22.840646522332207,0.2027343013840465,-0.31851519246886056,110.1473868725223
8.1975,0.00640035576973067,0.0029427872530050836,0.07639204666024924,-6.042397853749282,-2.001202261282332,87.66446204777894,7.434212816179055,2.1457589269147763,22.867871691812,0.028786359999971,-0.16719939083975516,109.5025139156204
8.2,0.00640035576973067,0.0029427872530050836,0.07639204666024924,-5.803723766767224,-2.0938796863436013,88.1596229939113,7.119355674866202,2.126685731200626,22.594711488738866,-0.11259148586416416,-0.1995248807358744,110.07778902614383
8.2025,0.00640035576973067,0.0029427872530050836,0.07639204666024924,-5.52529103805826,-2.0781392850597222,87.86326575689716,6.836488201470065,1.9905753382745055,22.510688825105753,0.11144478667880027,-0.2877061692014304,109.97892054865747
8.205,0.00640035576973067,0.0029427872530050836,0.07639204666024924,-5.050548136498766,-2.2505285024089408,87.99234330366434,6.561625786086857,2.22445376282595,22.39890027917906,-0.3361267134095891,-0.16406560699908224,109.65091194709173
8.2075,0.00640035576973067,0.0029427872530050836,0.07639204666024924,-4.836752492365642,-2.251305736413092,88.59247544759825,6.354914331443023,2.302764188279447,22.183253928717974,-0.5362796561641865,-0.09605751846421359,109.86194075884657
8.21,0.00640035576973067,0.0029427872530050836,0.07639204666024924,-4.569369202280395,-2.256831807285538,88.38699548812757,6.088615816476889,2.2066619099266287,22.111163720712405,-0.3435844018376276,-0.15961895897717185,109.90227949235776
8.2125,0.00640035576973067,0.0029427872530050836,0.07639204666024924,-2.0816042923120013,-14.4559622207561,90.74972557403473,4.880809715285927,-4.075111072489694,14.613821936328995,0.939584109176404,-8.555603825264408,139.71753654537287
8.215,0.00640035576973067,0.0029427872530050836,0.07639204666024924,-6.129233176982888,4.6780339548158905,87.94827930481085,5.557918526725115,4.896771781038325,24.955981130197813,-0.3786517200177175,3.828760410003417,91.00856069204352
8.2175,0.00640035576973067,0.0029427872530050836,0.07639204666024924,-4.763747958850354,2.3871080231629294,88.84776206047592,4.93424940698804,3.8737268371110547,25.024480903559507,-0.7501105645340922,2.4423172827401727,100.01399548483303
8.22,0.00640035576973067,0.0029427872530050836,0.07639204666024924,-3.766530792032139,0.316833487814477,88.71821407314471,4.81336929418851,2.9562012408103393,23.88328501696327,-0.20977053487335673,1.1680507979364,105.17498932526978
8.2225,0.00640035576973067,0.0029427872530050836,0.07639204666024924,-3.648502599414157,-2.0034805101123965,87.1992618580311,12.366615280864268,5.94825571659476,30.595784327321162,-1.50705290768301,2.841910720156299,104.9632540345665
8.225,0.00640035576973067,0.0029427872530050836,0.07639204666024924,-4.596002736167319,-2.5479090993663007,89.17307115107621,4.268166991796305,1.4640138440575137,18.068432503511424,-1.0065535619011299,-0.6868539634573185,109.25884561373947
8.2275,0.00640035576973067,0.0029427872530050836,0.07639204666024924,-3.5543293703591896,-2.304460619739056,89.83045415685005,3.7558540784628716,1.7481981717085715,19.613480147796146,-1.1974756512233549,-0.41428608372052966,110.093083686754
8.23,0.00640035576973067,0.0029427872530050836,0.07639204666024924,-2.422130684931924,-2.7787734864354157,90.33385473038206,3.337925821783908,2.145495496392441,19.821564410468902,-1.7414802405557623,-0.26373137597356033,110.72959870638722
8.2325,0.00640035576973067,0.0029427872530050836,0.07639204666024924,-2.221461583419878,-2.1353590143632855,89.87043630277788,3.204358994743656,1.8806768765736173,20.525920510797192,-0.5759534689298609,-0.2556291806653527,110.2999829562677
8.235,0.00640035576973067,0.0029427872530050836,0.07639204666024924,-1.610622859140602,-2.2220179497776034,89.79813326261099,2.9149044360983174,2.119856418855444,20.58892727483343,-0.9619317275835656,-0.10091233573284562,109.97170240333418
8.2375,0.00640035576973067,0.0029427872530050836,0.07639204666024924,-1.1171112625316078,-2.3384322381268636,89.7516872213858,2.6277088886671414,2.0985550976366523,20.539255530713092,-0.8961275463759677,-0.1387475989579905,110.23457771962377
8.24,0.00640035576973067,0.0029427872530050836,0.07639204666024924,-0.4862127276040106,-2.653662172222121,89.53007831192558,2.405915304236739,2.1962333122122017,20.590330819448567,-1.0485178690764536,-0.1670475101522118,110.29073506420987
8.2425,0.00640035576973067,0.0029427872530050836,0.07639204666024924,-0.9636289381100597,-1.83805753551397,89.72950881949305,2.260262656328016,1.6495088396886137,20.68949403435628,0.11788799516109355,-0.29676620650498436,110.38224402940786
8.245,0.00640035576973067,0.0029427872530050836,0.07639204666024924,-0.22090949909309945,-2.1955691036219926,89.81781110127511,1.869705181707921,2.1268510115228447,20.518584884093883,-1.0088761000073496,-0.05998202729332046,109.83690512301463
8.2475,0.00640035576973067,0.0029427872530050836,0.07639204666024924,0.2449695123967876,-2.445960063462681,90.24503332346808,1.684860846211817,2.4177336057273746,20.288422680378524,-1.5420478308180758,0.08315874045917568,109.78120235958204
8.25,0.00640035576973067,0.0029427872530050836,0.07639204666024924,0.26031073417389256,-1.965621952741827,89.84606339043769,1.3524205271581415,1.9066858973372047,20.511739547692535,-0.41581163863352477,-0.1328716506539752,109.8593166153511
8.2525,0.00640035576973067,0.0029427872530050836,0.07639204666024924,0.8066390358265406,-2.370253645312374,90.12696628543385,1.1464130979613765,2.2828782714663043,20.174658174002516,-1.3159525446012703,0.018757266857883204,109.83548371556958
8.255,0.00640035576973067,0.0029427872530050836,0.07639204666024924,0.895830209731659,-2.31147999190271,90.79045762071482,0.9431863677559202,2.341779976518948,19.93932433562083,-1.5133042807841408,0.094858058192613,109.89190876486447
8.2575,0.00640035576973067,0.0029427872530050836,0.07639204666024924,1.468193473414434,-2.5774738676050792,90.59975515380835,0.589574761237005,2.4129650964218894,19.838987594957445,-1.7391117843021935,0.06847165337896946,109.81264755704005
8.26,0.00640035576973067,0.0029427872530050836,0.07639204666024924,1.7375534886882877,-2.609526904222481,90.11232985438664,0.5907657531504695,2.266535111214657,19.91916661270311,-1.3311968011151885,-0.040112186410280914,109.92998970925346
8.2625,0.00640035576973067,0.0029427872530050836,0.07639204666024924,1.9840955718003992,-2.4150996566860674,90.6316503676545,0.025297500442559153,2.23662577002332,19.748412481208014,-1.397600033706406,0.008580708869210585,109.93373504897414
8.265,0.00640035576973067,0.0029427872530050836,0.07639204666024924,2.263262888973582,-2.5710299157918053,91.14891608928843,-0.1553659102117611,2.3696191769704997,19.378255130747597,-1.9191032096423488,0.055475389562866864,110.12435459431646
8.2675,0.00640035576973067,0.0029427872530050836,0.07639204666024924,2.9054540875278865,-2.6867715369365053,90.76403551261589,-0.5080229020450142,2.559351407684562,19.440276611595102,-2.104615399882678,0.1621238693646824,109.5370836231468
8.27,0.00640035576973067,0.0029427872530050836,0.07639204666024924,2.810244524185537,-2.476311136988403,90.88055151147701,-0.6801726577010607,2.109342832982318,19.356431068412817,-1.36831522372998,-0.08855410222587962,110.2062102531645
8.2725,0.00640035576973067,0.0029427872530050836,0.07639204666024924,3.490586149024622,-2.74111455949527,91.22135649073414,-1.012845865225567,2.654497838861782,19.176766441946235,-2.4544719628107257,0.22488665798414978,109.57423493632795
8.275,0.00640035576973067,0.0029427872530050836,0.07639204666024924,3.255482397417808,-2.266668460824528,91.4796820679101,-1.324066761608855,2.1328692279596004,19.160884071258877,-1.464798666526532,0.01030291561551385,110.05115501548848
8.2775,0.00640035576973067,0.0029427872530050836,0.07639204666024924,3.0298498749654508,-1.5861332606730725,91.21975025789541,-1.660456882100443,1.6653494616523046,19.210588384032988,-0.6632529810592193,-0.10670898105182502,109.86781394547071
8.28,0.00640035576973067,0.0029427872530050836,0.07639204666024924,3.6922832198874422,-2.165610184229542,91.70365109586871,-1.9493045117538559,2.211477993407555,18.814559722791287,-2.045866198795603,0.10345882305778631,109.49947927271376
8.2825,0.00640035576973067,0.0029427872530050836,0.07639204666024924,4.430449451829185,-2.6795883347717,91.90079261861268,-2.162704113489048,2.605992771167628,18.53112003260479,-2.7718713602603864,0.23266188696407686,109.46425525620309
8.285,0.00640035576973067,0.0029427872530050836,0.07639204666024924,4.626563837112274,-2.3666771048233133,91.91508310741415,-2.5364373237118087,2.3296954517844286,18.64570587903313,-2.073473823561493,0.13564083182104783,109.66752151874756
8.2875,0.00640035576973067,0.0029427872530050836,0.07639204666024924,4.881702535006094,-2.4050673030484693,91.94490147638575,-2.7804423420059456,2.2745920772591752,18.508820351782376,-2.1285493540900795,0.09011661132615706,109.70455443032488
8.29,0.00640035576973067,0.0029427872530050836,0.07639204666024924,5.604173084083582,-2.7885842337019655,92.26483348745603,-3.114326849177415,2.674177911438156,18.28224727899687,-2.9699624403198337,0.2616082385982488,109.57255761414552
8.2925,0.00640035576973067,0.0029427872530050836,0.07639204666024924,5.754755674199959,-2.5298626624858884,92.20364608361713,-3.4287012608093184,2.369141371562673,18.325622613410935,-2.2890320021381436,0.12804920053755484,109.78770143346536
8.295,0.00640035576973067,0.0029427872530050836,0.07639204666024924,6.3199318022801885,-2.6967212681896062,92.2708124327958,-3.7307977090070454,2.6496634708568427,18.202683775265456,-2.8860666678830222,0.2835075262516023,109.41032362318535
8.2975,0.00640035576973067,0.0029427872530050836,0.07639204666024924,6.6927002869665495,-2.7845249108553034,92.15347920937208,-4.075430747348835,2.4056270840849114,18.12252773283197,-2.47233533222372,0.08654119095663508,109.94821460683059
8.3,0.00640035576973067,0.0029427872530050836,0.07639204666024924,6.723457668334087,-2.5718941908922366,92.22427317291312,-4.315348402079446,2.1504556794939855,18.04566720317927,-2.0772068680916966,-0.012936154931006333,110.10907883781624
8.3025,0.00640035576973067,0.0029427872530050836,0.07639204666024924,6.915171640973433,-2.3726871178833004,92.46269726320489,-4.691029921258652,2.1898238564448715,17.95746932249355,-2.207632468907574,0.08035416949198494,109.83161108148215
8.305,0.00640035576973067,0.0029427872530050836,0.07639204666024924,7.07004859145158,-2.2235773162714616,92.37688692988253,-5.017256597750495,1.9665091688504288,17.89216080244759,-1.8407224567955571,-0.022613301342200767,109.89125041087216
8.3075,0.00640035576973067,0.0029427872530050836,0.07639204666024924,7.839351553894612,-2.579176612609369,92.54482528623195,-5.329444358376247,2.44560625539975,17.70660221158571,-2.88229772647265,0.20114752236334824,109.3390563383503
8.31,0.00640035576973067,0.0029427872530050836,0.07639204666024924,7.824496114435486,-2.0982467616982463,92.60263058187974,-5.632722938926151,2.0398263510971173,17.796849799031712,-1.9569663233211125,0.07204394108919929,109.62136665869936
8.3125,0.00640035576973067,0.0029427872530050836,0.07639204666024924,7.776526693659621,-1.867569129292853,92.54506106714481,-5.899381120919455,1.6800242549847537,17.713800510742878,-1.4627648614490052,-0.10086054196904265,109.85789913601592
8.315,0.00640035576973067,0.0029427872530050836,0.07639204666024924,7.66822634895416,-1.541056899192265,92.70866478263278,-6.294292873838319,1.273636741483643,17.516469586296786,-0.943485942561058,-0.2859994795251323,110.3446273468374
8.3175,0.00640035576973067,0.0029427872530050836,0.07639204666024924,7.6787097154262165,-1.149100146295355,92.75159933221575,-6.60235923317807,1.2259770866049327,17.48640403362299,-0.9138600196947191,-0.192499452865218,109.59489808522103
8.32,0.00640035576973067,0.0029427872530050836,0.07639204666024924,7.480224093671736,-0.7378440482062469,93.1237911022448,-6.893924799157195,0.9182871955628525,17.364624727951742,-0.46792313667130386,-0.2767419515556968,109.77474017181758
8.3225,0.00640035576973067,0.0029427872530050836,0.07639204666024924,7.745088568075761,-1.0171528290531682,93.02505217705566,-7.013679287865622,1.0465539148853134,17.051969081387945,-0.9297271341129991,-0.26689003567556413,109.67146867175614
8.325,0.00640035576973067,0.0029427872530050836,0.07639204666024924,7.782829401267378,-0.6077869297671403,93.22975996439368,-7.483788018776589,0.6995585787269494,17.058260937255426,-0.26335295495166927,-0.3861083661930949,109.96727866885483
8.3275,0.00640035576973067,0.0029427872530050836,0.07639204666024924,7.951725091201898,-0.22376236553411089,93.16921492799005,-7.861275892278678,0.6332325653127474,17.061241632385553,-0.12598008049443102,-0.3055794141118929,109.4503644796076
8.33,0.00640035576973067,0.0029427872530050836,0.07639204666024924,8.07156890559797,-0.13788575642184603,93.25999160049449,-8.164394773277767,0.4032677048133498,16.90752056371778,0.12468094056902107,-0.4401504775381802,109.73929600230274
8.3325,0.00640035576973067,0.0029427872530050836,0.07639204666024924,8.211680957870083,0.08358864269845802,93.29596458171022,-8.41363726470965,0.382022693373583,16.9055925916064,0.21021548059219355,-0.37748414271788405,109.37168539215855
8.335,0.00640035576973067,0.0029427872530050836,0.07639204666024924,8.153564096544281,0.37432879347990294,93.71509941938143,-8.657519257203678,0.23921998116978374,16.79535449161883,0.41708031237776405,-0.38598517185136383,109.48434499560993
8.3375,0.00640035576973067,0.0029427872530050836,0.07639204666024924,1.5129728677837198,6.099556376808766,111.94597150793813,-9.086335914700362,0.2152130172024906,15.118600045884426,-1.1179814653536895,1.3321339047491794,109.89587212435349
8.34,0.00640035576973067,0.0029427872530050836,0.07639204666024924,10.218071958137456,-3.7450581086786654,81.74421369391976,-8.733480000097545,-0.8560996292265778,15.802277738820264,-0.28566805786656707,-2.35961712755306,107.88007846462834
8.3425,0.00640035576973067,0.0029427872530050836,0.07639204666024924,11.132204927337778,-1.5075709259708816,89.34337745662745,-8.643335765146096,0.5027299151975955,17.52019883586911,0.8273659220386645,-0.7280498868424428,109.0406701007685
8.345,0.00640035576973067,0.0029427872530050836,0.07639204666024924,10.391852574909377,0.12259834543910593,92.26939739439996,-9.465228346794722,0.23979227455465565,17.595977131357508,1.4213652243587929,-0.42637107727192025,109.34508994196058
8.3475,0.00640035576973067,0.0029427872530050836,0.07639204666024924,10.12589257917545,0.3893523713707569,93.12054960317751,-9.598054045721755,0.31874021131672725,17.310734395299832,0.8471561661070699,-0.28642811282300473,109.16034742370893
8.35,0.00640035576973067,0.0029427872530050836,0.07639204666024924,9.439928124984236,0.9878183221844077,93.09690611351033,-9.544915164919876,-0.2718043905358441,17.203786489873025,1.8614884322383896,-0.5263053899322128,109.6006717570858
8.3525,0.00640035576973067,0.0029427872530050836,0.07639204666024924,9.34225735772616,0.7016693020652139,93.83959639068176,-9.603199890669758,-0.02046674698996459,16.58736297118991,0.7983879000320188,-0.4335566456369753,109.46673280185537
8.355,0.00640035576973067,0.0029427872530050836,0.07639204666024924,8.880149462139157,1.0600604023598925,94.21834519321678,-9.615454095369184,-0.23831370786347375,16.375506983347286,1.1576563085250926,-0.4751776162288935,109.39096609638824
8.3575,0.00640035576973067,0.0029427872530050836,0.07639204666024924,14.488522955117485,-13.375318053524532,98.25759250588335,-10.306307353592535,-1.7721638993365225,9.948753414905417,-3.9507843910337477,-6.1659139072813245,133.5900378568935
8.36,0.00640035576973067,0.0029427872530050836,0.07639204666024924,7.921413632138011,5.534418810073402,92.95663982232522,-8.545774723841323,2.9524056833060133,18.367685732129814,-0.38592407285392577,3.417682109233723,92.13367490273886
8.3625,0.00640035576973067,0.0029427872530050836,0.07639204666024924,9.35103060272503,3.3558872542861296,94.57218404605281,-9.884789373423423,1.981229235475441,18.352661308168294,-1.2936663630318381,1.9733723751604175,101.30422119603168
8.365,0.00640035576973067,0.0029427872530050836,0.07639204666024924,9.96264892522635,1.8349421896042095,94.63954412695615,-9.821328086823147,1.2650835739840867,17.561302166830025,-0.42387052154267313,0.9566638741777946,105.47012650443925
8.3675,0.00640035576973067,0.0029427872530050836,0.07639204666024924,9.345669728915238,0.5158894428080918,94.1925604439094,-7.6502353133686665,1.1602651843107674,18.09303936209818,0.16655752537143853,0.4566638058414186,107.78478139673916
8.37,0.00640035576973067,0.0029427872530050836,0.07639204666024924,8.499765776775247,0.49467058901906813,94.12782133339563,-7.728749092691349,0.4491542546985184,16.93981753238338,0.7678868748382058,-0.052390556639384904,108.65631964404372
8.3725,0.00640035576973067,0.0029427872530050836,0.07639204666024924,7.108639976775179,1.4580739358433499,94.1012324320915,-7.738718283950068,-0.5812421238781271,16.541277777614773,2.3793746346293365,-0.5013905034179776,109.17686619198054
8.375,0.00640035576973067,0.0029427872530050836,0.07639204666024924,6.786437748291468,1.090687245957048,94.46128353157634,-7.705590117041175,-0.6202040122356968,15.76006416796668,1.5750457554084614,-0.6395425294951027,109.50986274716234
8.3775,0.00640035576973067,0.0029427872530050836,0.07639204666024924,6.195847343085719,1.4837848539823992,95.07886034095107,-7.619722999599164,-0.7241954105221651,15.42811928148191,1.6647493332067915,-0.5953260933048793,109.3120234535351
8.38,0.00640035576973067,0.0029427872530050836,0.07639204666024924,5.530044978052054,1.7854084205707432,94.98242349013726,-7.541227677679613,-1.284587369091874,15.163336589168614,2.4704922321851734,-0.9168093075337275,109.87521770875972
8.3825,0.00640035576973067,0.0029427872530050836,0.07639204666024924,4.886599947770261,2.083888671000408,95.27136631374869,-7.456274447152381,-1.613844658041776,14.842998809253993,2.827663438022478,-1.070788988188623,110.18895713565084
8.385,0.00640035576973067,0.0029427872530050836,0.07639204666024924,4.35873583199709,2.4847633350268143,95.6190754246053,-7.341228795447114,-1.667559748023784,14.692557896081196,2.7863345829850705,-0.9992739981057839,109.6572878612025
8.3875,0.00640035576973067,0.0029427872530050836,0.07639204666024924,4.296284058191814,2.1883615423033285,95.68433376720988,-6.9561024764781685,-1.3992209867523122,14.616464048379436,2.2588706620217973,-0.8696087062045926,109.53695097245875
8.39,0.00640035576973067,0.0029427872530050836,0.07639204666024924,3.7334025842358223,2.6933611839169327,95.46890225078857,-6.848411630391197,-1.8534445829305413,14.612897769056774,3.275397706196212,-1.052680864633406,109.63220865734662
8.3925,0.00640035576973067,0.0029427872530050836,0.07639204666024924,3.0890806088968623,3.1970994875128573,95.55370699833584,-6.677925573133129,-2.2019215173755833,14.656070367367553,3.8131292186947285,-1.1525863205872544,109.46240607253677
8.395,0.00640035576973067,0.0029427872530050836,0.07639204666024924,2.946158410021357,3.0452979391599064,96.03753441909457,-6.621466632863607,-2.0492544416505996,14.241753664370611,3.2330811453145065,-1.0924649902334218,109.52568986888662
8.3975,0.00640035576973067,0.0029427872530050836,0.07639204666024924,2.7994235885281027,2.8630591938057557,96.19584329984288,-6.501871068217235,-2.1227439079141006,13.991271432661117,3.3196663601535743,-1.2103412266207225,109.9745362096259
8.4,0.00640035576973067,0.0029427872530050836,0.07639204666024924,2.5165665902727565,3.1891479115090853,95.9825541515499,-6.362361021931686,-2.2644514845731156,14.089213744695277,3.699256303615143,-1.2117121163515259,109.55206445926743
8.4025,0.00640035576973067,0.0029427872530050836,0.07639204666024924,1.8856658868782734,3.9305229103208017,96.08631354343619,-6.2280381077295885,-2.5887456741512014,14.276392339905174,4.468039064312555,-1.2283347298099205,109.26737260075453
8.405,0.00640035576973067,0.0029427872530050836,0.07639204666024924,1.8769051337393814,3.53015594326675,96.27382655202555,-6.103425065792377,-2.497427184328656,13.928358211419,3.9474683983426435,-1.2885993638734357,109.62392260964845
8.4075,0.00640035576973067,0.0029427872530050836,0.07639204666024924,1.5779858703041099,3.8229114420348815,96.23427895940034,-5.917505616344317,-2.589355173482686,14.008419911429998,4.347796855386418,-1.2662002314318064,109.38076711031647
8.41,0.00640035576973067,0.0029427872530050836,0.07639204666024924,1.4092343429527423,3.889321652410695,96.54029154389595,-5.858749658674775,-2.5542081977271436,13.83154659873552,4.163053818972953,-1.2253470143124918,109.24071917260697
8.4125,0.00640035576973067,0.0029427872530050836,0.07639204666024924,1.4746525342596324,3.9070322763599985,96.20254431503518,-5.672137863935873,-2.5907842097496587,14.065645926562818,4.576563265687956,-1.2365296976024691,109.1977908383387
8.415,0.00640035576973067,0.0029427872530050836,0.07639204666024924,0.9626056872059874,4.006047827069457,96.42386431070487,-5.567745663003512,-2.8415264297452425,13.740765317285598,4.742378852617213,-1.4011210071682347,109.62794857734065
8.4175,0.00640035576973067,0.0029427872530050836,0.07639204666024924,1.5795128463172488,3.5366526964215725,96.61962054305569,-5.450467830294294,-2.4211432574841028,13.765953915261877,4.194613863043385,-1.2370075322735097,109.51791551715799
8.42,0.00640035576973067,0.0029427872530050836,0.07639204666024924,1.2074577114729244,3.7503902409861647,96.54284564504482,-5.403249541394029,-2.628928713382084,13.668853532432246,4.630514064566285,-1.3312931766049254,109.58379440341864
8.4225,0.00640035576973067,0.0029427872530050836,0.07639204666024924,0.8109781029253493,4.060907914113043,96.46777981170976,-5.180441198227607,-2.819407719656618,13.731644890396288,5.00298136822414,-1.3803123571679996,109.55740300318328
8.425,0.00640035576973067,0.0029427872530050836,0.07639204666024924,0.5391154077792675,4.112751737334861,96.865540075653,-5.128671697449627,-2.7519987791403437,13.491781976641496,4.7576607491055976,-1.3232251618734188,109.307171095417
8.4275,0.00640035576973067,0.0029427872530050836,0.07639204666024924,0.07659505698190669,4.463343505973285,96.66242897411293,-4.915633254288065,-3.021511019853897,13.612450122607195,5.424375255226935,-1.4108485717330845,109.2893002189359
8.43,0.00640035576973067,0.0029427872530050836,0.07639204666024924,-0.13085377761855768,4.420596012096051,96.88865610810387,-4.860689900989538,-3.058991180862966,13.294116122859661,5.231781244095339,-1.4620364175598692,109.4012044104258
8.4325,0.00640035576973067,0.0029427872530050836,0.07639204666024924,-0.13484060327598985,4.193287657616812,97.32471377385613,-4.689513647024585,-2.8121001544384003,13.085480494342567,4.665958434838936,-1.3588755765595835,109.31347088515365
8.435,0.00640035576973067,0.0029427872530050836,0.07639204666024924,-0.39681616779424816,4.547134854708583,97.15658632258909,-4.549614161182204,-2.9068624981448314,13.222991638583947,5.089404431559985,-1.3132817736567417,108.87180579892089
8.4375,0.00640035576973067,0.0029427872530050836,0.07639204666024924,-0.5385821565602136,4.406869395222686,97.60108197096491,-4.430458136308048,-2.896442459892455,12.93915822301429,4.851058753685723,-1.3591386778103927,109.28066240635928
8.44,0.00640035576973067,0.0029427872530050836,0.07639204666024924,-0.9898104557886538,4.878078830657948,97.35910867058507,-4.350495738467252,-3.182102711518019,13.025135447217954,5.589670932005386,-1.4230888983967906,109.01058183027172
8.4425,0.00640035576973067,0.0029427872530050836,0.07639204666024924,-1.4343132921366322,4.980129481602128,97.51653851675054,-4.215786542163572,-3.530107594130403,12.7956696814682,6.011409884826201,-1.6597311147167626,109.71719278024896
8.445,0.00640035576973067,0.0029427872530050836,0.07639204666024924,-1.776822383004141,5.27145146666735,97.35672090219535,-4.085517949563007,-3.6220203634568917,12.789699916655932,6.190953321921389,-1.6354156665271173,109.23414866347905
8.4475,0.00640035576973067,0.0029427872530050836,0.07639204666024924,-2.173052725646812,5.501310476290106,97.70908846217938,-3.9606270749499553,-3.7510190085076474,12.628480037335452,6.316951244671164,-1.670810054210446,109.3539111775964
8.45,0.00640035576973067,0.0029427872530050836,0.07639204666024924,-2.586026988793833,5.668319429295253,97.75899099619788,-3.886129231815918,-4.007923831054586,12.418462701618987,6.668593133587357,-1.820111854327035,109.57127054347909
8.4525,0.00640035576973067,0.0029427872530050836,0.07639204666024924,-2.7949312083952353,5.6161807234253835,98.16522492945163,-3.776344549786599,-3.943344363067453,12.129318921309215,6.359528705939899,-1.8018033106602727,109.63776271724876
8.455,0.00640035576973067,0.0029427872530050836,0.07639204666024924,-2.854303637322192,5.439104781462194,98.45166437017149,-3.62964416567482,-3.8156629963883137,11.919027010942392,6.022590813437547,-1.7768446399508109,109.63115328040381
8.4575,0.00640035576973067,0.0029427872530050836,0.07639204666024924,1.0144052359352913,-5.929083399818844,102.42753667669425,-3.7440196199063527,-4.219785850478588,6.508923933310728,-0.10575837256476296,-5.630418204209176,124.73760815787742
8.46,0.00640035576973067,0.0029427872530050836,0.07639204666024924,-1.4653878670165612,8.054535902845343,98.12242997340901,-3.4030600483628093,-0.47652266891940587,14.148300865341122,3.5672021171978487,1.4134755311565266,97.14642866710396
8.4625,0.00640035576973067,0.0029427872530050836,0.07639204666024924,-1.4886415484091589,6.695255979772759,97.8542071287629,-2.937622504645127,-1.6017247034203914,14.63869472171629,4.417617373323224,0.20730208389744176,103.52231300250872
8.465,0.00640035576973067,0.0029427872530050836,0.07639204666024924,-1.3091628931453716,5.4140946223861794,98.40620571972804,-2.9166521296405103,-1.972217546099798,13.497645322818675,4.232109319513859,-0.4469334752980688,106.4076339733508
8.4675,0.00640035576973067,0.0029427872530050836,0.07639204666024924,-1.8372074906923894,5.117424654788724,98.09432057402803,-2.8836131347568474,-2.9098108353291265,12.835731542235463,5.683651064357797,-1.2178173864593915,108.57481147538121
8.47,0.00640035576973067,0.0029427872530050836,0.07639204666024924,-2.217392765028426,4.923148268835694,98.44540855565495,-2.8193486911527637,-3.206422563500826,12.139136077699819,5.582607803198323,-1.5024445914336062,109.36554624841978
8.4725,0.00640035576973067,0.0029427872530050836,0.07639204666024924,-2.797374246999634,5.217104725645188,98.39796876802149,-2.736556104825373,-3.5506595953723354,11.877762025357411,6.1102484025580575,-1.6780126708171261,109.44446635466879
8.475,0.00640035576973067,0.0029427872530050836,0.07639204666024924,-2.9204260100223194,4.926846060064266,98.77582721165213,-2.669789985808998,-3.4348554970089737,11.4032150477678,5.519043007568631,-1.6870649579909707,109.55883502418672
8.4775,0.00640035576973067,0.0029427872530050836,0.07639204666024924,-2.951406813223073,4.488793283323505,99.24250760872997,-2.5670961185158054,-3.3931800679363278,10.89952584456177,5.150690011470863,-1.7910942096712956,110.25994622538911
8.48,0.00640035576973067,0.0029427872530050836,0.07639204666024924,-3.3483764497949213,4.994599277445492,99.39522783755393,-2.456581524193251,-3.4472648538902053,10.997308948559054,5.428066420465734,-1.687331082067004,109.52632836067168
8.4825,0.00640035576973067,0.0029427872530050836,0.07639204666024924,-3.4011515469004876,4.900590431448599,99.59763815192616,-2.320959216515971,-3.299139415896486,10.806226311299026,5.031342492901313,-1.6094624416773213,109.50068277559191
8.485,0.00640035576973067,0.0029427872530050836,0.07639204666024924,-3.1843306631287236,4.160360785421487,100.05617617526393,-2.2114704428989866,-3.10522045740414,10.286444006834488,4.349381158989614,-1.7000645433734287,110.269528985331
8.4875,0.00640035576973067,0.0029427872530050836,0.07639204666024924,-3.2481222868110815,4.477894652460763,99.7318476466687,-2.051468906186067,-3.0642802631670465,10.539742513432122,4.609119348740666,-1.5718378813524507,109.46405676328202
8.49,0.00640035576973067,0.0029427872530050836,0.07639204666024924,-3.819661780364977,4.989413795898857,100.12729942086304,-1.9600126748097082,-3.4498053964751594,10.504053505146908,5.334666221793021,-1.710762146581638,109.90567522006103
8.4925,0.00640035576973067,0.0029427872530050836,0.07639204666024924,-10.213095161184329,10.726748601583893,120.49306417699165,-3.419016197647246,-3.106762733257391,7.595930184767456,1.9347565860306262,0.23405545417900575,110.18589781502475
8.495,0.00640035576973067,0.0029427872530050836,0.07639204666024924,-1.3798801569235262,-0.279971805392395,87.36396904929019,-1.3593060812947328,-3.749187925814824,9.722180069648134,3.7830711038447977,-3.4750168469407368,107.87259202484127
8.4975,0.00640035576973067,0.0029427872530050836,0.07639204666024924,-1.1040948104933965,1.966179042520846,96.06134446303325,-1.4024352051221571,-2.342582142013109,10.676241183883933,3.7214479741228335,-1.8202001524553106,109.10533286894788
8.5,0.00640035576973067,0.0029427872530050836,0.07639204666024924,-0.2204116579539492,2.336950064346949,98.8004924981117,-1.3810288828499797,-1.6125064673873593,11.149177311819743,3.1925126587860513,-1.1937309887551266,109.72130755613463
8.5025,0.00640035576973067,0.0029427872530050836,0.07639204666024924,-0.8443948907076374,2.7846094167670343,99.59751593134972,-1.3545284693910755,-1.6140890172830478,10.909876843399163,2.944164340190356,-1.0587403308205827,109.43675765040818
8.505,0.00640035576973067,0.0029427872530050836,0.07639204666024924,-1.0766973190233573,2.715817657248107,100.14162623958765,-1.3640579677632725,-1.6412620779438996,10.485935343654285,2.7190492637174803,-1.1063084940183265,109.7530417992846
8.5075,0.00640035576973067,0.0029427872530050836,0.07639204666024924,-1.2399958976292547,2.7139746972399617,99.83901959439258,-1.2607107137489701,-1.7369195870485312,10.298815556265074,2.738626096546479,-1.1734947549797492,109.69035587145126
8.51,0.00640035576973067,0.0029427872530050836,0.07639204666024924,-2.0842275563276287,3.523929080628182,100.88511289115354,-1.1888774582983375,-1.924011501544958,10.154956063033248,3.0901547677476247,-1.0700580869843386,109.47809193069533
8.5125,0.00640035576973067,0.0029427872530050836,0.07639204666024924,-2.178450182007068,3.2015322617828055,100.7357712304172,-1.0830563945199931,-1.8926178685290158,9.776091433998905,2.564362225943018,-1.1401567772768257,109.42966447244832
8.515,0.00640035576973067,0.0029427872530050836,0.07639204666024924,-2.260433048940185,3.0734648782024063,101.11589735287653,-1.0359131411991989,-1.8301082817488195,9.448080990103739,2.3072013282138673,-1.135806756687303,109.55769073045886
8.5175,0.00640035576973067,0.0029427872530050836,0.07639204666024924,-2.063991618672413,2.6080460294453593,101.25283329467231,-0.9218006522204998,-1.6147549887645598,9.13128764159213,1.7464242165118793,-1.1192524735298448,109.7243430720243
8.52,0.00640035576973067,0.0029427872530050836,0.07639204666024924,-2.0345232209745587,2.530082444617512,101.95333645434128,-0.8499687163581999,-1.3738030185438799,8.880726781741172,1.2205922227288128,-0.9682234270094182,109.62687878595216
8.5225,0.00640035576973067,0.0029427872530050836,0.07639204666024924,-2.047249180436275,2.5078477643264034,101.59562678025412,-0.782867730487535,-1.4829129337255915,8.874224830045327,1.5247595520124717,-1.0528793855341148,109.61583744873492
8.525,0.00640035576973067,0.0029427872530050836,0.07639204666024924,-2.124285877202681,2.4413061669434546,102.24220944437003,-0.6819792306680343,-1.3819095440815041,8.619947610894114,1.2075241329157758,-1.0030533327898532,109.91001297573534
8.5275,0.00640035576973067,0.0029427872530050836,0.07639204666024924,-1.994492493422763,2.2290607734570265,101.94714993830858,-0.5808556254388484,-1.23063350221211,8.561750864935876,0.9822315014470044,-0.9521528780679129,109.55739722186095
8.53,0.00640035576973067,0.0029427872530050836,0.07639204666024924,-1.8423338514597398,1.9554902959448048,102.24593689850141,-0.46495048939926514,-1.0624212504101713,8.362030189896098,0.6618106518359614,-0.9135655766393684,109.8709100840339
8.5325,0.00640035576973067,0.0029427872530050836,0.07639204666024924,-1.3639282910278725,1.4009707566456937,102.28418673306452,-0.42210481776151826,-0.719589529580199,8.100542530094428,-0.10441135963171122,-0.8326495055782905,109.81270199582363
8.535,0.00640035576973067,0.0029427872530050836,0.07639204666024924,-1.178340590301515,1.3017659279218992,102.303170869161,-0.31028984205121696,-0.5752991182316695,8.191193203158496,-0.11647905454839615,-0.7562371072138223,109.62600888756383
8.5375,0.00640035576973067,0.0029427872530050836,0.07639204666024924,-0.9035997677466203,1.0112479308396232,102.62332386041462,-0.20863242362042253,-0.2673679928859826,8.093615949304473,-0.6540163102825524,-0.620602749597576,109.57723044179451
8.54,0.00640035576973067,0.0029427872530050836,0.07639204666024924,-0.6330244072338954,0.721477633305876,102.707007481986,-0.1392928473382625,-0.08106444098437217,7.972984369312103,-0.9356977232316044,-0.5721568064438114,109.66022656979185
8.5425,0.00640035576973067,0.0029427872530050836,0.07639204666024924,-0.6902449109486681,0.8292507294113811,102.78552468412775,-0.0803353321432966,-0.13759336020935622,7.9710458574769145,-0.6775180864438937,-0.5749965581198815,109.68802852392665
8.545,0.00640035576973067,0.0029427872530050836,0.07639204666024924,-0.4116474439071648,0.3831981188889738,102.90297319645013,0.0021767980413543186,0.09473393711699923,7.709894689928719,-1.2464735291507065,-0.5406789198175465,109.86585701480999
8.5475,0.00640035576973067,0.0029427872530050836,0.07639204666024924,-0.028058344368871332,-0.004935740707159125,102.99191082243833,0.06107582384162159,0.4177239335400519,7.578706385911209,-1.7789303074032707,-0.4211003622582498,109.71103380975177
8.55,0.00640035576973067,0.0029427872530050836,0.07639204666024924,0.14833878363110198,-0.1661584813304367,103.13776133299652,0.11942895487963583,0.5109776072334093,7.48897903331825,-1.8279645709736843,-0.39734252784512625,109.8567075038338
8.5525,0.00640035576973067,0.0029427872530050836,0.07639204666024924,0.4707028615641811,-0.4706671571756271,103.27661152788238,0.19525808919167803,0.8054293826873554,7.351392669990128,-2.3550361179922157,-0.2700314876850218,109.76384817788144
8.555,0.00640035576973067,0.0029427872530050836,0.07639204666024924,0.5411621910374995,-0.5678104668411281,103.59815574689443,0.26137388959481644,0.870280559850942,7.244497489373201,-2.3998349367225913,-0.24768956786279248,109.91216847381301
8.5575,0.00640035576973067,0.0029427872530050836,0.07639204666024924,0.6330545029307695,-0.6166625635857117,103.48812899746687,0.3358140597228794,0.9378555413867324,7.22077707147958,-2.4329455280613255,-0.20723103674581297,109.76412445388394
8.56,0.00640035576973067,0.0029427872530050836,0.07639204666024924,1.0043664635608205,-1.1333206928214152,103.35349225475056,0.38353710961008713,1.1072225070632478,6.994402948288085,-2.7897030624731056,-0.2315953912540419,110.02807511365162
8.5625,0.00640035576973067,0.0029427872530050836,0.07639204666024924,0.7257227372968075,-0.914852038285521,104.38055307930067,0.4157259954113729,1.2221868761199426,6.706168436942297,-3.0897367482682316,-0.07507502631727965,110.00080524143362
8.565,0.00640035576973067,0.0029427872530050836,0.07639204666024924,1.6163686289817418,-1.7940622720714652,103.70216348099778,0.49056892210957714,1.578857334688546,6.6307586835943955,-3.6460800315230255,-0.07583639712081018,110.03239352178076
8.5675,0.00640035576973067,0.0029427872530050836,0.07639204666024924,1.7557993786584296,-1.6731277478255338,103.97691839976197,0.5026059633601342,1.7583981425722581,6.689066012481566,-3.6377473456625395,0.10400019827324743,109.73791858198088
8.57,0.00640035576973067,0.0029427872530050836,0.07639204666024924,1.8188336517518735,-1.814238541387306,104.57186885589978,0.5885473494723673,1.9110398291110553,6.5157764460194,-3.9391227414083834,0.18449487615667037,109.95836646237504
8.5725,0.00640035576973067,0.0029427872530050836,0.07639204666024924,1.7329592228729709,-2.3724215596020777,104.95006718295186,0.6240772359745037,2.183527510631512,5.778971570500779,-5.035284424251143,0.22782308166564963,110.10337247266123
8.575,0.00640035576973067,0.0029427872530050836,0.07639204666024924,1.497658388153468,-2.1258951916360704,105.01231906775045,0.6378370738903993,2.0325033070179055,5.633273146425465,-4.577792138806658,0.2060323456878054,109.93101419743222
8.5775,0.00640035576973067,0.0029427872530050836,0.07639204666024924,1.6464868654951113,-2.462500254692093,105.74095201748887,0.6619761489218369,2.218794334777583,5.179122080828662,-5.159811485202144,0.25286844346046533,110.45698678085296
8.58,0.00640035576973067,0.0029427872530050836,0.07639204666024924,1.9423552025368493,-2.5212407182158034,106.01922384731898,0.6445931074914345,2.3674344992845167,5.105406476387545,-5.143390178999118,0.3715856561503193,110.38553188639966
8.5825,0.00640035576973067,0.0029427872530050836,0.07639204666024924,2.3260860304520117,-2.8937431718279525,105.76146551846054,0.7131339636556886,2.5113874045703017,5.075396802704601,-5.236140442651511,0.3809389138303651,110.47615828822937
8.585,0.00640035576973067,0.0029427872530050836,0.07639204666024924,2.61408409637643,-2.9166739728131432,105.91218093144175,0.723036348942757,2.658877214810072,5.024106777641146,-5.351268573183249,0.508513140111437,110.44584928741399
8.5875,0.00640035576973067,0.0029427872530050836,0.07639204666024924,2.9352804127339516,-3.2571380270317687,105.91013769401836,0.725138148515263,2.7262612663968855,4.871089671336989,-5.369858559361747,0.4789582711358533,110.8539828430941
8.59,0.00640035576973067,0.0029427872530050836,0.07639204666024924,3.1805790618263954,-3.463046857158317,105.91344925749148,0.7553393992796956,2.8397707599405306,4.77770475304637,-5.421520409321242,0.534779280905939,110.87595292098761
8.5925,0.00640035576973067,0.0029427872530050836,0.07639204666024924,3.3857234602727164,-3.572453303206312,106.20895834998119,0.7602131842228667,2.9706481688088378,4.6230572560262555,-5.564803330959716,0.6559991171201627,110.98321513200378
8.595,0.00640035576973067,0.0029427872530050836,0.07639204666024924,3.674185952900548,-3.8952969644692024,106.07001750750919,0.759387536204022,2.9855061018917683,4.43722563289276,-5.592929450781755,0.6397013495281113,111.23910067184363
8.5975,0.00640035576973067,0.0029427872530050836,0.07639204666024924,3.726667290042468,-3.8185948432053802,106.5570500412325,0.7687184578694759,2.8106064313914807,4.33106484855972,-5.73067320628861,1.3182837774368488,110.95998465648627
8.6,0.00640035576973067,0.0029427872530050836,0.07639204666024924,3.9452086189722615,-4.215331682958396,106.56758844304892,0.7436732408998772,2.6947115499958487,4.06009103274774,-5.737039073709348,1.4033187896567125,111.44865058328287
8.6025,0.00640035576973067,0.0029427872530050836,0.07639204666024924,4.1160375605625905,-4.47751505996106,106.77390427388163,0.7380924332976336,2.5273955393156866,3.794548292000794,-5.813986046842548,1.7647302566810301,111.67358204225488
8.605,0.00640035576973067,0.0029427872530050836,0.07639204666024924,4.244931541851173,-4.6849228425699385,107.11503029499079,0.7414680208849824,2.3624200918402054,3.544004643944106,-5.951354859657153,2.2127316961631944,111.79166379883722
8.6075,0.00640035576973067,0.0029427872530050836,0.07639204666024924,4.347449965697782,-4.789675249204799,107.42962753444606,0.7330949684591329,2.127641573103438,3.2705853355715284,-5.912455687473927,2.720221891138326,111.91309279244997
8.61,0.00640035576973067,0.0029427872530050836,0.07639204666024924,4.284469200541723,-4.885717303375625,107.45484546204646,0.752119606267536,2.092898291846833,3.1765974963118087,-5.832378405229429,2.695162398154825,111.95673852724606
8.6125,0.00640035576973067,0.0029427872530050836,0.07639204666024924,4.095713082450867,-4.726183705149575,107.11742623189042,0.7753728001502037,2.1073614694559066,3.216359807808457,-5.307839779845113,2.170576015748622,112.020312067546
8.615,0.00640035576973067,0.0029427872530050836,0.07639204666024924,3.858437310592583,-4.486958592330158,107.23406067993155,0.8199991921958013,2.11264365947002,3.2467426264118853,-5.175232434694113,2.063857946044274,111.83085760275705
8.6175,0.00640035576973067,0.0029427872530050836,0.07639204666024924,3.733667249874006,-4.424136097782994,107.45783766659464,0.834748028492898,2.10593703719036,3.2009845549346707,-5.350000792192172,2.2298441979654533,111.56007997799958
8.62,0.00640035576973067,0.0029427872530050836,0.07639204666024924,3.5731324216558296,-4.267991228194541,107.42453024366868,0.8664380292392339,2.100038992326107,3.24368463100717,-5.186274096204852,2.1780439169498647,111.33127596419405
8.6225,0.00640035576973067,0.0029427872530050836,0.07639204666024924,3.525369763084185,-4.280907608468356,107.22495881850587,0.8906174651094546,2.076594989477739,3.25320799217614,-5.051772677245642,2.0132958491235597,111.26703800235413
8.625,0.00640035576973067,0.0029427872530050836,0.07639204666024924,3.6504342983492157,-4.505320193993265,107.45258523689789,0.9073821765241745,2.099398366298979,3.1504660015481196,-5.389458642557692,2.2867559179802144,111.2615024451317
8.6275,0.00640035576973067,0.0029427872530050836,0.07639204666024924,3.4042539786778994,-4.135170096235164,107.33268808373933,0.8894705215663173,1.9935070994686315,3.2553867274678705,-4.766646843885271,2.090573378737154,111.10126014327997
8.63,0.00640035576973067,0.0029427872530050836,0.07639204666024924,3.5271131028169465,-4.353994363552789,107.16855025583538,0.9365726788397739,2.081406630817332,3.2437523626904596,-5.047106402351752,2.1107188102833074,110.92449417701198
8.6325,0.00640035576973067,0.0029427872530050836,0.07639204666024924,3.3142635894965333,-4.02808551634904,107.26317732854973,0.9353103115467086,1.901875962209317,3.3473759165258326,-4.535707133644603,2.061432784727736,110.8868467669127
8.635,0.00640035576973067,0.0029427872530050836,0.07639204666024924,3.2881077579333975,-4.002606240409344,107.42747599613743,0.9107196739741799,1.9578338069570527,3.260645311092828,-4.735869355091295,2.141003917332472,110.67822962235068
8.6375,0.00640035576973067,0.0029427872530050836,0.07639204666024924,3.281849862830673,-4.1081846135926074,107.41747742011684,0.9091207148391041,1.8881111231505148,3.1603995927780115,-4.630702805712576,2.0675606540253435,110.87027959637703
8.64,0.00640035576973067,0.0029427872530050836,0.07639204666024924,3.34222465467911,-4.123602164095604,107.4897743496626,0.8994449795519595,1.9630668092536883,3.129554425234822,-4.7862078999699085,2.1582077224294234,110.59651104399059
8.6425,0.00640035576973067,0.0029427872530050836,0.07639204666024924,3.2589215890909466,-3.934228525795527,107.30817084277817,0.9200691449175591,1.8707017642994224,3.265049738691152,-4.431481405911926,2.137219927712533,110.38941012525763
8.645,0.00640035576973067,0.0029427872530050836,0.07639204666024924,2.7882160522448816,-9.414782200553253,107.98785855332578,0.9412054960317686,-2.1103947075156295,0.19836631071925837,2.367505415796576,-5.325675686180404,129.4503481241704
8.6475,0.00640035576973067,0.0029427872530050836,0.07639204666024924,1.3056051094293493,2.845945867567881,105.30197863544475,0.8400864117596956,1.5014046976975912,6.740632927493872,-2.027085717710805,5.154402090120727,96.93365300236032
8.65,0.00640035576973067,0.0029427872530050836,0.07639204666024924,1.259967493159521,0.7395622076438223,106.440460983672,0.9196091393460651,1.6842633077599143,6.127403268559805,-2.703247385478303,3.1569586585336817,103.99850085677761
8.6525,0.00640035576973067,0.0029427872530050836,0.07639204666024924,0.9345610192605311,-0.4775224086189052,107.40658287482604,0.9019866069210811,0.9843256958824297,4.540246469226707,-2.3980405973688783,2.2798790869616434,107.43074208021997
8.655,0.00640035576973067,0.0029427872530050836,0.07639204666024924,0.7445695179906798,-1.0407869094094615,107.82878637982559,0.9090866034556426,0.7953933941449237,3.610972729162894,-2.4614247027764913,1.976747968685576,108.58796608238247
8.6575,0.00640035576973067,0.0029427872530050836,0.07639204666024924,0.9070357699685039,-1.8909630142096117,107.85845959086778,0.8575853680520773,0.6005350453966155,2.8117160397861287,-2.5310475403093418,1.5840035311147442,109.99718719887682
8.66,0.00640035576973067,0.0029427872530050836,0.07639204666024924,0.7994366011409864,-2.0141180346242993,108.24971542281725,0.7582263275169965,0.4187254286688045,2.373299935793412,-2.3008326326525266,1.416531971074684,110.7780695723112
8.6625,0.00640035576973067,0.0029427872530050836,0.07639204666024924,0.8487341737018623,-2.0374102503157148,108.23936309867348,0.7500070204925854,0.4742952981030994,2.2848310141093453,-2.31879314815772,1.4455186877121053,110.50223442783647
8.665,0.00640035576973067,0.0029427872530050836,0.07639204666024924,1.6062397565887647,-2.6213020064061503,108.48768990927525,0.733342200654467,0.8507388519961416,2.214768249872824,-2.930731211689354,1.5554126396399064,110.69170787754511
8.6675,0.00640035576973067,0.0029427872530050836,0.07639204666024924,0.3170570776084657,-1.8755980828894112,108.32541488428694,0.7352129948851404,0.35965025091489494,1.9534315908590099,-2.4023838318307504,1.4044552343463346,110.15389938225881
8.67,0.00640035576973067,0.0029427872530050836,0.07639204666024924,0.5158397049387806,-5.967370523657495,108.8812811850805,0.6304086625294174,-1.5192078258085937,0.01125292362928576,4.387644459437129,-7.52528202234074,127.29641599421254
8.6725,0.00640035576973067,0.0029427872530050836,0.07639204666024924,-0.18678281670292887,3.4956056510917906,106.55959766673298,0.5882270449490394,0.9198500323953153,4.68508348317056,-1.2224866963686887,3.625362219034095,98.1105025883935
8.675,0.00640035576973067,0.0029427872530050836,0.07639204666024924,0.10420861620055594,1.5408275701849887,107.27986080748073,0.7222253992879264,0.9344414628204628,4.856243108657539,-0.9016324226627622,1.8802175059347968,105.05527388210369
8.6775,0.00640035576973067,0.0029427872530050836,0.07639204666024924,0.6484357273938106,0.03988913180683212,108.1992317262235,0.5570063858856014,0.8180049640375174,3.5687015664124555,-1.4223541093396321,1.358283130480738,107.95814109912996
8.68,0.00640035576973067,0.0029427872530050836,0.07639204666024924,0.39447454919800595,-0.48453075408286966,108.33817703012427,0.5355961669915821,0.5047339789836416,2.7283915952487146,-1.194928304634071,0.97796490171598,109.09817497096546
8.6825,0.00640035576973067,0.0029427872530050836,0.07639204666024924,0.4206749093065919,-1.1948845344810954,108.87738966817568,0.4661128328646197,0.5457970999272832,1.8373414669375787,-1.8748535404468285,0.7987923187858762,109.9409429193234
8.685,0.00640035576973067,0.0029427872530050836,0.07639204666024924,-3.754128905191697,2.67551951556509,130.44127462220627,0.4139142208616056,0.4152824726881568,0.5052943003082291,-6.019254771483681,5.8208328974571515,110.06337086459307
8.6875,0.00640035576973067,0.0029427872530050836,0.07639204666024924,-2.969979823886037,-1.0705088407515535,114.64750932983732,0.7127321528675631,0.19835425805674248,0.46668563105929195,-3.9062480762118783,1.3932358684312747,108.02408040413029
8.69,0.00640035576973067,0.0029427872530050836,0.07639204666024924,4.768229394736027,-8.392061851494509,91.08334688240379,0.7121562034974961,-0.20400993687032892,2.403335740690517,-1.3433131699706369,-1.1116539186574659,107.63228663496092
8.6925,0.00640035576973067,0.0029427872530050836,0.07639204666024924,4.85347862605809,-4.700786589355332,102.37437261989298,0.46959141494392687,1.1344376231965436,3.5582947355484364,-1.1758358521216485,0.93495462704431,109.26774885986177
8.695,0.00640035576973067,0.0029427872530050836,0.07639204666024924,4.335456014632649,-3.6159862826384663,106.62046192715923,0.3920228415330543,1.278522190428618,3.117901830149801,-2.084119030096457,1.716949783875263,110.02032289373565
8.6975,0.00640035576973067,0.0029427872530050836,0.07639204666024924,4.634859178060345,-3.6453250789606297,107.49744009194859,0.35883016460487854,1.085010044726398,3.064159866666847,-2.097035218335216,2.307941561010805,110.32101768079303
8.7,-31.541984272709175,-12.712537748513855,71.46700868309195,-2.3079808767228656,-12.970971746451864,69.46221504480113,5.242793133777804,0.058825836237805705,36.81630031822061,2.557974909959351,-2.084641609946551,75.93549381333771
8.7025,-16.574254367673507,-3.699519419585322,30.531373587317056,5.904338161282191,-4.694382375330169,75.1470140646899,5.564781448299636,6.451259297414238,34.75094918319565,3.5628975114112387,4.76573497109702,73.41882206275451
8.705,-18.880510100569847,-4.077534666287375,34.75563797085041,5.928838409929384,-4.896505962039409,73.93942130649003,7.141899937829559,6.823845136510881,37.432808209380084,5.390267721951719,4.933737719305015,71.60746175122945
8.7075,-19.858241304448704,-4.256065527002634,36.77733590305765,6.16062524841625,-4.994627637098119,72.00424490048199,7.790115003972149,6.978464093309553,39.49505117431762,6.327922139615037,4.983524424455896,70.26071351860304
8.71,-20.026719985569596,-4.307947107245788,38.389757166238,6.404500615716797,-5.039632360294457,70.11659611025641,7.920436405645955,6.929665536412266,41.015745811904225,6.789096685564795,4.905641902529683,69.26336403629765
8.7125,-20.04748340287565,-4.471101999161909,39.52346667158198,6.514713588455261,-5.186845028804552,68.89077370743763,7.813042106692752,6.714279894691311,42.171719125400294,7.102374847255994,4.696244148311682,68.2242823078395
8.715,-20.01681913148429,-4.447549648466038,40.7484203742498,6.656950712664277,-5.1810960433801565,67.77592037421054,7.570403291361783,6.604558276247761,43.2725873755287,7.29802559571799,4.598704723098317,67.27128148878454
8.7175,-19.890102602104854,-4.356350678929351,42.01308213414125,6.821373872481059,-5.131096699597172,66.64839756613004,7.190483547536813,6.48199859126635,44.18519378594948,7.3772257748759635,4.500388175008759,66.45885810641602
8.72,-19.579151115559807,-4.334978787575235,42.874361446333715,6.918741307284724,-5.145020267293038,65.8977570125105,6.696923390245069,6.2677787048555285,44.75669812237494,7.375135558029079,4.325751995581176,65.75934581116726
8.7225,-19.126687715855287,-4.163297250348886,43.62668239455724,7.042000747027623,-5.0441539343221375,65.28820012924271,6.193638599442613,6.0620363545304885,45.45306306155976,7.342382120819425,4.192063727444796,65.08297035621382
8.725,-18.681870056374542,-3.99881716776407,44.44035142628615,7.091602232732612,-4.969248466302821,64.7609364205049,5.610817981745368,5.778813342940798,45.98816853846041,7.252490208891881,4.002094759834448,64.41813376419397
8.7275,-18.104379223423916,-3.6797805122040392,45.207062797411595,7.043868434220245,-4.782458274574812,64.20402057516255,4.993952432512217,5.489995320932041,46.32415389061442,7.129998318647696,3.8362849358601663,63.969571947253144
8.73,-17.33364276838818,-3.4268885765544552,45.728307899949,7.0446226304777655,-4.631002451456732,63.74068432430036,4.37708095366314,5.242513820299795,46.751500280014895,7.028819585247562,3.692009683249241,63.5572545595887
8.7325,-16.60953259565589,-3.300699924979133,46.06182037085899,7.458490904474846,-4.5857010289313935,63.57985943464237,3.5477464047201543,4.995990596938992,47.00341710144577,6.737476039006237,3.5223125271134372,63.18935171635721
8.735,-15.701979002655882,-2.9771978575208746,46.28271099947889,7.513301901122075,-4.413467742073829,63.524835600421284,2.7207207101139796,4.616073818019203,46.99268750749571,6.462301281321913,3.3056782996014373,63.04791738198014
8.7375,-14.775211082192477,-2.5905229168380006,46.85636778353101,7.086199978050199,-4.198729456784448,63.242281079547,2.0473200328586896,4.1597522899063,47.14614529169001,6.304666725377732,3.0319419136848937,62.689807128864786
8.74,-13.972894807937335,-2.1973795334997375,46.99395315479675,7.560951987231352,-3.9636836062386824,63.17829086330127,1.0196801492917065,3.8780094631124906,47.469634196459864,6.4314290717876546,2.8938389622987115,62.49148347374036
8.7425,-12.972599662625905,-1.7351517627286457,47.014334204717244,7.316724726823865,-3.724900606807594,63.181207976929215,0.057232811576278055,3.287375664880254,47.23066903765257,6.431268888584603,2.5479289425274296,62.469772354926704
8.745,-12.557914414314444,-1.4055082288609395,47.40967535315738,7.4756076227607835,-3.5283812676798583,62.73652232237549,-0.39740277193762197,3.00296147147011,47.78679586709712,6.96504390938588,2.3946035387309674,62.268776121640485
8.7475,-12.090659739445131,-1.444375842235406,47.551194930952484,7.580707471091788,-3.550171619368054,62.81288791249247,-0.4698860697746347,3.0269863141535596,47.92885473829559,6.390868246990435,2.398156437824323,62.03076614232744
8.75,-11.774832043364317,-1.2306721000207883,47.95742255457807,7.476791028104711,-3.423775961039017,62.32189386155416,-0.7779225259865241,2.807637152790775,48.16010938608735,6.600081554291794,2.261526534266827,61.75332599285187
8.7525,-11.82562708239393,-1.1521045685329692,48.11086250881294,7.442348167127246,-3.378957167650286,62.05383280954574,-0.6606830206813674,2.7047190078143326,48.45537402579315,7.111684775232304,2.202824747601112,61.77723908951589
8.755,-11.98024027394813,-1.118211360765789,48.39808424882207,7.428245583154979,-3.3655483187566118,62.11841117355107,-0.8930334008494337,2.6734801881878094,48.41288028600767,7.17964817279423,2.1820657025102688,61.55700608778453
8.7575,-11.706185078305761,-1.0557895203832313,48.73224948093331,7.270357790303341,-3.325134502944698,61.97141493522133,-1.2834240794844025,2.5694876058380616,48.34206150596423,6.797819582002227,2.102206290964976,61.056846290177035
8.76,-11.792884184136355,-1.1310575885606073,49.085381784601786,7.227762955755477,-3.359717748754593,61.823846062267975,-1.0209248423258694,2.632561967646176,48.66592445922343,6.8504799438993995,2.1212560921266714,60.750757971701816
8.7625,-11.655700918415233,-1.2261006308329163,49.581056566926065,7.088611480068595,-3.421987571091399,61.45373986703946,-0.8731553448546882,2.6094350934813164,48.83747236322562,6.49819676067636,2.082451179561335,60.531970205152476
8.765,-11.245473451296208,-1.060396975863001,49.44212483690595,7.088101738313221,-3.329020913786056,62.00083505604876,-1.4973293522994418,2.4614463548966046,48.26461683442637,6.161609777464575,2.0142553904594767,60.64478403294176
8.7675,-10.854492742368782,-0.944138780170249,49.550554514072466,6.908277479402444,-3.242818689851198,62.15709241181776,-1.5940231084387706,2.421710593082671,48.30566356356795,5.888328928868774,2.001042505772682,60.339630641094786
8.77,-10.464451349523934,-0.8567559486805548,49.663493656853205,6.824616193085235,-3.1889843213548215,62.115619232542684,-1.6873028637834346,2.335659177860504,48.320739737173156,5.676026951263967,1.9480508684672413,60.20161788458533
8.7725,-10.031238703529059,-0.8847230404849707,49.79117045328433,6.664170563322397,-3.1982684631426936,61.95263931613148,-1.3695288174655846,2.3410402457856616,48.53432470570304,5.355976078167723,1.9384180585933783,60.16909465331062
8.775,-9.573965910363007,-0.7542553028088095,49.85770974295658,6.446591411875995,-3.14868241874644,62.12566749675045,-1.744469698715137,2.0846041915648015,48.14423462404783,5.125911421938518,1.7768257788916828,60.23500155820162
8.7775,-4.9331078698920185,-2.6366369538896426,40.84048638552435,7.079059537250957,-5.572599706745403,68.64711412900078,-1.53693437758066,-1.9346370110586788,38.81320851752593,5.958826227657906,-1.8818959341325947,81.5857040409543
8.78,-8.888895906861224,1.5582561909477757,46.330684790704545,5.114232576602835,-1.0019571857909844,66.11110271857734,-2.108662742700246,3.7600911323343085,46.001962813454924,3.7070633272794393,3.6234989480018243,53.42739517477295
8.7825,-8.578991875851099,0.3617127277422853,48.774627730539635,5.294334929159266,-2.1358834592207945,65.04249743395698,-2.262307745449274,2.7437303114646565,47.02062355849718,3.3485011982530404,2.554820060987143,57.91479191486448
8.785,-7.868395807497165,-0.1433841015249525,49.59258252687427,5.491605074296052,-2.633817702280764,63.94952855324257,-1.9191470330235283,2.2178063907461496,47.413200881195856,3.2544062599621304,2.0239252839102444,59.52514771115665
8.7875,-7.183835257547319,-0.10194917198712901,49.496796661264256,5.509331061481593,-2.6716165322915346,63.671965292359786,-2.126355911711267,1.881901852839865,47.148499295817025,3.197807009587224,1.7713920104126208,59.88288508030148
8.79,-6.441695657130271,-0.1275586353402609,49.484818256946824,5.658697166459148,-2.756150162293279,63.608011871957444,-2.446272103725469,1.5766876174034878,46.89585343648819,2.922573613685586,1.5370075416795386,60.6699321900271
8.7925,-5.691487517412291,-0.13039303969344126,49.302008175095736,5.707740675800943,-2.787962727558532,63.37578692536101,-2.486554664608745,1.3658754035576113,46.75599659242059,2.652321800406201,1.3756553982625435,60.984155502739355
8.795,-5.061908184094648,1.566932420498423,40.88544339618641,4.536632698206908,-0.9586642047846791,82.08376293913233,-1.985671143174477,3.928883798195207,41.33351334987673,-0.6774093169612002,3.8207240436400403,64.78909743321462
8.7975,-3.768591997594031,-1.1500456573617965,48.164081368613815,5.578938663914885,-3.959799384421368,57.37591511471743,-2.715587406885178,-0.42753522225269297,44.43566633736299,2.475526930966433,-0.22875707658075536,62.329421179288545
8.8,-3.4203705227790997,-0.3566633169938798,49.189791809932956,5.964848951917101,-3.195623369436844,61.724246507685905,-3.235431922826461,0.2541207226736143,45.742758040789155,2.0022372929493204,0.4745018344760381,62.32227230901741
8.8025,-3.045975602822426,0.13946716236044773,49.21508954925435,5.804076179210152,-2.6980744248351742,63.19063238117012,-3.162512142510067,0.7550818723116977,46.46736060412407,1.50361454881426,0.9637364057730828,61.52822650419897
8.805,-2.638852789084633,0.3924210784703705,49.10264995772879,5.6214486562474155,-2.4928874899245033,64.05897633725294,-3.545766644191723,0.7815513567484718,46.124760615605695,1.0116153844346694,1.0468381977963064,61.26446236144102
8.8075,-2.06160378738409,0.578616808622092,48.79614325230446,5.525871234347986,-2.351267377046944,64.59747775421836,-3.617093938370202,0.7783356533213228,45.90637430732113,0.5247796937137376,1.0873843563902539,61.338357040974756
8.81,-1.528236396891683,0.5628751986773803,48.95885678294486,5.43424184343524,-2.38618018963113,64.41833777356425,-3.6705194915256008,0.6564799717336206,45.772807285549334,0.0678803857139402,0.9881084822076172,61.348661759723356
8.8125,-1.1036020310272092,0.6131967236297492,49.131398547755445,5.247098668290971,-2.312980442985942,64.52505054680577,-3.4415230590685257,0.7527053619405557,45.99615630559537,-0.35578733507340693,1.0708183458593863,61.07488559781258
8.815,-0.5672439316441656,0.7211764965857886,49.03444415103201,5.172548010546049,-2.2542415907398965,64.80201450121997,-3.8528677172789783,0.6201055617306186,45.54745898418135,-0.8126513416132579,0.9900063524703844,60.96680138113703
8.8175,-0.054495827232880725,0.7940858315196907,48.762019218185,5.2217919195538,-2.2067275150285517,65.35807344193414,-3.985610958043372,0.5833379734572386,45.25135687826557,-1.234687893385928,0.9789862176193045,61.38904399152133
8.82,0.1761671662560348,0.693077130545166,49.164154932636485,5.087522395080246,-2.2869173827215183,64.73141175569701,-3.670470132208313,0.5442456282872313,45.49454082513482,-1.478195367866822,0.9240376497812905,61.103708100479
8.8225,-0.5877486709913018,0.6811756412951339,49.48301737590863,4.9003214056759585,-2.2627905204473437,65.00036689556669,-3.7988564313419513,0.663729488289629,45.33141209552628,-1.2568006690802682,1.002020081378311,60.59970280166175
8.825,-0.5329636973769522,0.8818205127473161,49.30617933345378,4.762627216403324,-2.1798773557591855,65.44005835632346,-4.3897447617407455,0.32517607748512195,44.78273220054025,-0.8431898091795217,0.7959586213911003,61.02467231026708
8.8275,-0.24287412834169977,0.9509303169200347,48.80119437479437,5.282519175006609,-2.078439917284624,65.91290836553544,-4.505157534595604,0.49864519977554467,44.67086116122264,-0.9386975182843265,0.9426173701419482,61.229882851925254
8.83,-0.8549722007861719,1.0105570966435178,48.9873125710859,4.903154989663929,-2.0581489902674743,66.08679026800237,-4.594064870302992,0.35513332883958937,44.404485557337274,-0.45072414291536406,0.8420723459161644,61.15315001535431
8.8325,-0.5011484849355544,1.1095113599847457,49.06098162686367,4.654154723984474,-2.0010160748814756,65.55663479651324,-4.293057604814742,0.2359782399860744,44.73743190497389,-0.19208566768297278,0.7631383062858865,60.949135935057825
8.835,-0.7714855770195349,1.2187284630503217,48.93451729920451,4.929644371141856,-1.9423689070292183,66.03288756727412,-4.973389640381371,0.09183070896385265,44.27847720618179,0.19603745154473293,0.6792460398298599,61.25063884182482
8.8375,-0.46493108731827726,1.6463490144661161,49.14715615872458,3.725734237447758,-1.7404760217125492,65.88110757976459,-5.018707495201562,-0.4946637332560546,44.173014640200414,0.906918218665459,0.3213480653591372,61.12207058914416
8.84,-0.5773482198033838,1.757101684101559,49.10196603300846,3.805317456939981,-1.6308200593971824,65.80664309779633,-4.7976752986788895,-0.427581181583758,44.55629030014967,1.3528811983056783,0.3916563564052606,60.97648351573099
8.8425,-0.9079859071439114,1.7350064841371222,49.15418774483693,4.096193681286325,-1.6294565527031157,65.96183292373658,-4.81319593318971,-0.3611653683628444,44.66999893977524,1.6937137166802525,0.43593300940176877,61.12750332000054
8.845,-0.8785351426854732,1.8386790603717922,48.87890902282277,4.182247765647578,-1.6043489127057213,66.11641696909592,-5.573691130967371,-0.6560766924107952,43.845174527117905,1.9402724621505185,0.23135747272532386,61.235742394143756
8.8475,-1.401547743924828,1.8651615336205807,49.55856092275288,3.197911150045099,-1.5712235585624863,66.80737263583478,-5.7591415878426835,-0.6524551868425293,43.35644050711731,1.327073686012259,0.23990827738652987,60.675875661836784
8.85,-1.353817915302405,1.8381370689168073,49.27548387906882,3.7010135089617036,-1.5642707207152304,67.15292340392041,-5.900369746500651,-0.5517848033010623,43.214201145200974,1.3717569264443763,0.3091274610637325,60.85358984727253
8.8525,-0.9974441479665215,2.0723999896059357,49.02724880076387,3.7972596116349076,-1.4335466321655626,67.02081872607413,-6.131713532929079,-0.8179479613973809,43.22859589759479,1.93341535991772,0.1572205153957324,61.15479711795072
8.855,-1.2557013870333478,2.0718327575354762,49.20037723566647,3.9548547908651286,-1.404213130464158,66.63733971552624,-5.7796640594155,-0.7058029328695052,43.78065092333007,2.4156791638461463,0.23384435740483867,60.840275461486215
8.8575,-1.081820134199968,2.14732018755045,49.069306257073265,3.846641992457026,-1.3336404929025987,66.78649018352084,-5.470565599099872,-0.6553885408664484,43.99554131564374,2.5979868746067325,0.2827414029128838,60.91096750307902
8.86,-1.6345057896431254,2.166062130607381,48.66946806696832,4.279346547248135,-1.3770728858691148,67.20235831684356,-6.570296008678303,-0.9929768607537689,42.842525250201724,3.2071537245516972,0.03352071174913352,61.56904464472912
8.8625,-1.428339364803508,2.281449692824319,48.76069884656523,4.138008829803169,-1.2575854486587827,66.88594245003623,-5.853703148573005,-0.8587073257933596,43.691316715854335,3.4740791002770424,0.15599613863825887,61.34447326807009
8.865,-1.4851692595689856,2.425674703450146,48.56057571337751,4.348256870525386,-1.228236028367953,67.29171248066436,-7.06760724747183,-1.2751915413765484,42.65576364964696,3.787644885875639,-0.13124460479909136,61.65278134501321
8.8675,-1.2822044701332285,2.5201985370307964,48.731598486560415,3.98149470095598,-1.1069627139325722,67.00350661374934,-5.988553697886916,-1.0885530133895998,43.700606011062945,3.903566030075364,0.032117649085213654,61.26523749569259
8.87,-1.7980291847748764,2.1026036496182776,49.30185564278558,3.3885902446459073,-1.3459574042172289,66.23937310312924,-4.298430215499968,-0.7230806217918645,44.529915788283056,3.8382187135299275,0.20043595035429115,60.741897006774835
8.8725,-1.954270765897783,2.1913033649461515,49.22674462062792,3.2801649458033317,-1.3101722059083423,66.60781965251597,-4.9413376189009455,-0.914680426108729,43.757101891803735,4.003692223664002,0.076151164604437,60.868668544109354
8.875,-2.1067894560744,2.097129527600035,49.50011099307443,2.86182917381257,-1.3582573052357232,66.45919916669004,-4.235242853862856,-0.8159134799685819,43.981806686071614,3.9853150203423815,0.12041318126459176,60.611309482798205
8.8775,-1.6548658812526384,2.2771058236052912,49.70462473793246,2.691029947500408,-1.2687635402961992,66.6908342074598,-4.722700013032167,-1.0040979969229482,43.72104718947188,3.751349207157285,0.013537790993402344,60.46275511261004
8.88,-2.2870127145824655,2.1012645417759135,49.97069296933555,2.3631322832311343,-1.3696071033316752,65.96265969070312,-4.016321725360218,-0.9329936119125621,44.07453223216639,4.1579167563974115,0.01870066894035626,60.061361018164334
8.8825,-2.241426796813027,2.1689881441359167,50.14076113817566,2.118179759716266,-1.3281560861851416,66.2932348046629,-3.9313324407991157,-0.9816218340599371,44.03436510894858,4.230033372814403,-0.007885428030319261,60.086374901721854
8.885,-2.284895873019436,2.163282170403238,50.02481624725328,2.143756631275278,-1.3083914906206722,66.52730651172467,-3.8698431632479995,-0.9140522654245052,43.90824110991468,4.197755886280946,0.03700449734643701,60.086635800285066
8.8875,-2.007739132024086,2.4169927314369573,50.16217446582817,1.7063254176319214,-1.175904533675728,66.49620947236014,-4.2159749804459485,-1.2158090950935025,43.68648141496648,4.364447885970717,-0.13848411904029312,59.894752370480106
8.89,-0.34626287473211576,-0.7180010733380994,42.07524826671511,5.423212181665972,-4.262264098137597,73.47561447306329,-5.547366168765401,-3.966488762982035,34.23682830809491,5.035656390852789,-3.1377565508675387,80.20565873706238
8.8925,-2.733285216406931,4.569766476833576,46.67649494888217,1.1997492367622098,0.9707867244549424,69.58814378201615,-4.181961193741192,0.8079585363075827,42.696623985174796,4.162193325484365,1.8979880342969158,52.588297586474816
8.895,-2.9595476914414913,3.0101361874186363,49.06810876020036,1.2576179037470525,-0.3982441675768163,69.02096761533232,-3.358230586110405,0.12998463843463764,43.58477518338214,3.7307756118018958,1.011302309707475,57.52423761867881
8.8975,-2.787935362373134,2.6955892833962696,50.02651747193537,1.0081379701658737,-0.8234228698003435,68.19236937437788,-3.790032278487895,-0.671183652318893,43.26184824863357,4.11914057332976,0.32096811150290244,58.73985778124812
8.9,-3.4254560851688316,2.3840367625962844,50.704548390343824,0.9593464821100359,-1.1188332742412657,67.1412454550191,-3.698944541959683,-1.010303067439767,43.39302546346787,4.911094875554675,-0.018682861359113293,59.040731865595944
8.9025,-3.384056039086945,2.2969247265347845,50.24570380098904,1.3217955126920622,-1.1338062258990296,67.65179788748151,-3.3958088201389374,-0.8195879623525798,43.27561486010404,5.032342901645135,0.09604899530709558,59.622199033505055
8.905,-3.1978720743947466,2.504666281747787,50.46617062489535,1.0400319801422302,-1.0799001432356403,67.18650822844985,-3.932192708147968,-1.3197359031299818,43.11331812419523,5.495484386010443,-0.24439511193810892,59.58933111907963
8.9075,-2.90252824633537,0.9668679016865841,43.687940345069094,0.4277577667387024,-2.607566369074211,73.64713173904352,-5.751377662402788,-2.8205931475332013,29.653711418039414,3.232038026998265,-1.7642272966783976,68.461306251066
8.91,-3.006650635393159,1.5401794833554958,39.53646619076629,1.5700429900331303,-2.0123464859148723,79.1483219911128,-6.292283687405027,-2.1540684994543984,27.675052835775965,3.5329935707564646,-1.1194826573901215,72.61331423715178
8.9125,-3.0189346919789246,1.1390327681988697,32.2992593890419,2.291462515757682,-2.429158391658466,86.84511406512509,-8.194706890297965,-2.5946631317049613,17.82484278238531,2.485606181750685,-1.581114958439465,80.11355674488865
8.915,-2.806936574436618,-0.23970578801095027,22.60933099656144,2.4093319774243653,-3.410489357053499,95.83630669752745,-6.067098739843538,-1.9539231049241894,7.3194787260584295,0.3731818898919654,-1.5088958879852439,90.82548288165589
8.9175,-3.314551956869801,-2.442164263059027,12.705653461985962,2.6987327851666607,-4.352740028984709,104.90982716789497,-0.022093394700297607,-0.006993837467341289,0.11339469268736657,-2.786644865043751,0.8113205691150404,99.88207923188048
8.92,-2.5757049868235877,-1.3808682541540878,7.191509438982161,3.3408386706813378,-2.8177085511049333,111.3002530829332,-0.01769232280119924,-0.005600642774377378,0.09080610810880074,-2.3453761836336118,3.666035064008318,102.96915183161214
8.9225,-1.717320570931661,-0.46127245968085845,4.5497067972198,3.339525263938745,-1.9421326448186522,113.97161840462495,-0.014167957595724548,-0.004484976897887056,0.07271724170957405,-1.52712312906515,4.255159824179996,104.47636875587469
8.925,-1.3023067687475969,0.0034039838157110254,3.03703245585465,3.86717680698684,-1.4457158828874466,115.31181551766215,-0.014167957595724548,-0.004484976897887056,0.07271724170957405,-0.8980420112393058,4.672597059683797,105.83082364481932
8.9275,-1.443349093835843,-0.08498645337014522,2.1376568117407544,4.581117029120815,-1.3860629415881982,115.7088861634346,-0.014167957595724548,-0.004484976897887056,0.07271724170957405,-0.46401961493083926,5.140269623293305,106.08794708926835
8.93,-1.5927099569280314,-0.028428710953096258,1.8849963277605486,4.63287037159049,-1.4421084140529243,115.36863928891843,-0.014167957595724548,-0.004484976897887056,0.07271724170957405,0.11573225807076391,4.784960823952502,106.31548695238534
8.9325,-1.7227590986226071,0.20355157797386436,1.7672385259310932,4.458609567126757,-1.3888755491720506,115.57599112829656,-0.014167957595724548,-0.004484976897887056,0.07271724170957405,1.0625233945969215,4.324647001985389,107.44869702428282
8.935,-2.354810933269942,0.00018222470978145768,2.04175792782541,4.72566608331647,-1.5088847279558706,115.017791459207,-0.014167957595724548,-0.004484976897887056,0.07271724170957405,1.3902444839607366,4.452742837187449,106.70130020086876
8.9375,-2.783008667825883,0.059616784901658955,2.6019731062962173,4.332729338601949,-1.5731906474590474,114.47490873958317,-0.014167957595724548,-0.004484976897887056,0.07271724170957405,1.782251319906296,4.042021574484974,106.22281958105883
8.94,-3.0048407798486325,-0.07786123289280664,3.0720468351403873,4.54195715326999,-1.699773102384075,114.14181740216655,-0.014167957595724548,-0.004484976897887056,0.07271724170957405,1.8274636017274424,3.9827072923238878,106.10528873833096
8.9425,-3.2048912214898464,-0.5124632536078048,3.3830000459666305,5.191813599949862,-1.9027315552078006,114.09045678808121,-0.014167957595724548,-0.004484976897887056,0.07271724170957405,1.4216842188581846,4.460823327344603,105.95672873535777
8.945,-3.3539005982990417,-1.0113387107199168,3.845917830502991,5.641374823522007,-2.256862349740945,113.48170310124742,-0.014167957595724548,-0.004484976897887056,0.07271724170957405,1.0049757558723829,4.580526677774763,105.94965638209094
8.9475,-3.616221927465972,-1.329168242154869,4.442053084685645,5.867295549426025,-2.3848748258591557,113.10347236376212,-0.014167957595724548,-0.004484976897887056,0.07271724170957405,0.4639782889601321,4.9842133787771346,105.10566017787174
8.95,-3.808449378708399,-1.6404770455252733,4.682627380043025,6.562059162202512,-2.6014515669040685,112.7787448594913,-0.014167957595724548,-0.004484976897887056,0.07271724170957405,0.5500251247909157,5.097465298259354,105.11452298324025
8.9525,-3.9184035836614393,-1.6853478931306618,5.424914270059988,6.023195627387958,-2.772247220224268,111.95622440749257,-0.014167957595724548,-0.004484976897887056,0.07271724170957405,0.5740707045791776,4.587958189573471,104.70445713219293
8.955,-4.077202815181226,-2.0410273573442392,5.777309709187598,6.575123223074502,-2.8673839969798767,112.25022586858549,-0.014167957595724548,-0.004484976897887056,0.07271724170957405,-0.2299215598939008,5.265851417004827,104.32839385613545
8.9575,-4.21905523720092,-2.3727309639154894,6.3069699831151755,6.795830507569314,-3.0092967830247974,112.00988768054236,-0.014167957595724548,-0.004484976897887056,0.07271724170957405,-0.9243791307540331,5.685886873516507,103.71117551902137
8.96,-4.353933007917244,-2.651527211649981,6.777508893510353,7.021286772208141,-3.1424464844913107,111.84885131053645,-0.014167957595724548,-0.004484976897887056,0.07271724170957405,-1.4853205805114253,6.008176934386526,103.26497268964735
8.9625,-4.459966582801955,-3.0281687469735123,7.034499393909472,7.534014275698395,-3.3098547013669855,111.9306086476465,-0.014167957595724548,-0.004484976897887056,0.07271724170957405,-2.073446957364177,6.5349478278960245,103.08175918240467
8.965,-4.59237805057305,-3.3056509183969207,7.4527722022702125,7.780789347110165,-3.455683470147963,111.5949183917304,-0.014167957595724548,-0.004484976897887056,0.07271724170957405,-2.4975869569475235,6.8112665570372375,102.61432060368497
8.9675,-4.70192050722744,-3.5529769002277716,7.723214115220896,8.12989551414391,-3.578488920828139,111.50191630031661,-0.014167957595724548,-0.004484976897887056,0.07271724170957405,-2.848846045764453,7.096692506918901,102.42232366734736
8.97,-4.852746466906871,-3.6000534734140084,8.21710262898302,7.877803935923571,-3.5909306089022985,111.27193891327994,-0.014167957595724548,-0.004484976897887056,0.07271724170957405,-3.0205342551676813,7.168464127473031,101.7250223597742
8.9725,-3.801221842410485,-4.017458432049671,7.485096740971867,9.453115583390383,-5.429710425076895,111.92668200387021,-0.014167957595724548,-0.004484976897887056,0.07271724170957405,0.285490945773019,2.3703149215522568,118.62633655775414
8.975,-6.290144435131306,-2.4151145530710814,8.938392493145235,7.173936041937187,-1.716122334919884,109.12534772460477,-0.014167957595724548,-0.004484976897887056,0.07271724170957405,-2.631775340724481,10.267136382189172,89.42386807221041
8.9775,-5.427346871878443,-3.977876883971473,9.306961693218147,8.148585813755396,-3.4063935717477802,110.703917300218,-0.014167957595724548,-0.004484976897887056,0.07271724170957405,-4.457893446834547,8.940725032868468,97.72554479511165
8.98,-5.384737759285381,-4.1448875479519,9.770194091479121,7.953551718229104,-3.7989399239615222,110.67204948198045,-0.014167957595724548,-0.004484976897887056,0.07271724170957405,-4.20390322794418,8.072247879047074,99.48228293279416
8.9825,-5.484435241949214,-4.060941217862562,9.929505296830493,7.853868726166405,-3.801125130291678,110.99513282545612,-0.014167957595724548,-0.004484976897887056,0.07271724170957405,-3.885309871574356,7.854304058417418,99.74985674861881
8.985,-5.520075145827746,-4.054290206056825,9.59249391282224,8.387464202802851,-3.7909308505516464,111.37839900997689,-0.014167957595724548,-0.004484976897887056,0.07271724170957405,-3.5629974282685697,7.966884234369759,100.40159873830034
8.9875,-6.6244148503243245,-0.8555976264956469,6.612639205491204,6.040974735606127,1.1703693260889432,126.74309299653845,-0.014167957595724548,-0.004484976897887056,0.07271724170957405,-3.10342804155276,15.508536754014903,102.14235202737541
8.99,-5.4177941145463375,-4.149404058503318,12.612509170361081,5.91962458848934,-5.786248186528669,98.72570987807612,-0.014167957595724548,-0.004484976897887056,0.07271724170957405,-0.252463112726849,1.2961916865696188,98.7801308923205
8.9925,-6.132090489972317,-3.1625753973676893,12.663106213147083,5.5777840181296,-4.686547745057416,105.19843572374567,-0.014167957595724548,-0.004484976897887056,0.07271724170957405,0.37547196862848303,2.4916343003213632,99.69298526143535
8.995,-6.123060257115349,-2.5293661163759533,11.683741655467978,5.319205675349108,-3.9070975887442096,108.03375235607277,-0.014167957595724548,-0.004484976897887056,0.07271724170957405,0.5974711509547432,3.484139706677019,100.08356992165932
8.9975,-6.10055800280044,-2.3322171056842853,10.875695789063377,5.667818116870907,-3.476693693322101,109.62224876477833,-0.014167957595724548,-0.004484976897887056,0.07271724170957405,0.485130154983103,4.471264088749073,100.00681951029911
9.0,-6.095435124426763,-2.0558368875649116,10.306243453885264,5.7518380739642465,-3.203580757122628,110.25490088720782,-0.014167957595724548,-0.004484976897887056,0.07271724170957405,0.9825471554635736,4.679856787307558,100.14181460782481
9.0025,-3.203500134963518,-3.00565143777423,8.044291149250617,9.97279298091245,-4.870871152429567,111.1564458559477,-0.014167957595724548,-0.004484976897887056,0.07271724170957405,2.096342365929411,1.883326631284336,115.99083693403662
9.005,-7.008845119134632,-1.4073071804693151,10.234134567751381,5.849805150168368,-1.5876619117914565,109.05318354855753,-0.014167957595724548,-0.004484976897887056,0.07271724170957405,-0.12023111368368505,8.452299300939995,89.71159821175485
9.0075,-5.29921200052059,-2.8941476842342104,9.697021821427716,8.358788633761504,-4.279991863107181,110.91778901426727,-0.014167957595724548,-0.004484976897887056,0.07271724170957405,1.499959556145245,3.6064855801415128,110.24474565335447
9.01,-7.346233435142518,-1.8543331122361297,11.359065864525915,5.999324683907592,-1.8005103211662563,108.80436095008271,-0.014167957595724548,-0.004484976897887056,0.07271724170957405,-1.0176328661797163,8.942038001808235,88.82619274725393
9.0125,-6.690847560427156,-2.762337015241351,11.885321300303316,5.968840165861911,-3.123694200293869,109.99194020375386,-0.014167957595724548,-0.004484976897887056,0.07271724170957405,-1.5356944024473722,7.0055919031724585,95.75775675830266
9.015,-6.6656160206441015,-2.5313596491261463,12.101146367578037,5.484265265698232,-3.287863872957721,110.28936531645061,-0.014167957595724548,-0.004484976897887056,0.07271724170957405,-0.6377756591277711,5.838445391775993,97.43039952170473
9.0175,-6.704346191341064,-2.493575882385815,11.611923663600018,6.121188395225975,-3.274163795390471,110.85664537688119,-0.014167957595724548,-0.004484976897887056,0.07271724170957405,-0.008124792606046937,5.836150558676554,98.61586817451472
9.02,-6.713323432533504,-2.2512527015451576,11.544227275355754,5.905535039353328,-3.2155651768697413,110.42591924794432,-0.014167957595724548,-0.004484976897887056,0.07271724170957405,0.5713751175053081,5.371554736237708,98.46847051872679
9.0225,-6.759700389484644,-2.2189672695154,11.251663041835203,6.34678717153186,-3.180853253888523,110.58785456757232,-0.014167957595724548,-0.004484976897887056,0.07271724170957405,0.9361390931270371,5.421679405090168,98.78315675254406
9.025,-6.797074842091627,-1.8835070949396941,11.434779392775424,5.646800696504643,-3.128521614975905,110.16901396428976,-0.014167957595724548,-0.004484976897887056,0.07271724170957405,1.7537134402974592,4.6519132990683705,98.86510786894206
9.0275,-6.865713195442867,-1.6233764624303582,11.273671462729956,5.572409272972577,-2.9421610648038885,110.69078839369335,-0.014167957595724548,-0.004484976897887056,0.07271724170957405,2.1669359646940185,4.610858953828635,98.86422917272043
9.03,-6.968135612958483,-1.3979921176050527,11.512554939920912,5.185927767574041,-2.890606846432098,110.29357728929962,-0.014167957595724548,-0.004484976897887056,0.07271724170957405,2.712227047681922,4.12323966827892,98.8027929069482
9.0325,-6.999754161741704,-1.6214857921566255,11.171085088602867,6.000998820024649,-2.921104721414067,110.58618624459292,-0.014167957595724548,-0.004484976897887056,0.07271724170957405,2.6086511757372333,4.623965641293152,98.8524174979253
9.035,-7.046191720315969,-1.1892449949116861,11.529768934190637,4.9417766787238335,-2.7684040750177332,110.27451734941097,-0.014167957595724548,-0.004484976897887056,0.07271724170957405,3.1459628126542376,3.952666701500661,98.45000125183027
9.0375,-7.137402364692676,-1.2541844287363912,11.50325865486713,5.328379094628376,-2.8117287276100593,110.44175607682898,-0.014167957595724548,-0.004484976897887056,0.07271724170957405,3.383573802204061,3.9523854080369523,98.81152990123819
9.04,-7.212065879025409,-1.1633263670450495,11.69584060443154,5.104381471862347,-2.7697286696815206,110.12728947557244,-0.014167957595724548,-0.004484976897887056,0.07271724170957405,3.5575806930877967,3.7822646209002215,98.37621243757208
9.0425,-7.286631822293666,-1.2553602160914732,11.617909205933936,5.454130188988989,-2.7476293843264092,110.58324046866531,-0.014167957595724548,-0.004484976897887056,0.07271724170957405,3.52076334561733,4.104219261262682,98.56566310536162
9.045,-7.334948422094827,-1.1939856328980092,11.806184017196719,5.2636683632507575,-2.7325157399260704,110.20596971195374,-0.014167957595724548,-0.004484976897887056,0.07271724170957405,3.596445275876769,3.9421684772467205,98.10640718884876
9.0475,-7.434154950548005,-1.139202409891363,11.986985987617325,5.127241528558974,-2.6786338242428034,110.4692786643026,-0.014167957595724548,-0.004484976897887056,0.07271724170957405,3.6842364699736456,3.9621699990219255,98.03814680324841
9.05,-7.507044116518344,-1.0907213105259128,12.228894580892524,4.94911130409852,-2.700639484742909,110.12898644853776,-0.014167957595724548,-0.004484976897887056,0.07271724170957405,3.880278781873989,3.699429260078263,97.80135924483865
9.0525,-7.576571547433771,-0.9711784332540216,12.344785465923218,4.7656984524210015,-2.6371331932024438,110.22478026470527,-0.014167957595724548,-0.004484976897887056,0.07271724170957405,4.093724544632071,3.5683656326795936,97.73159270927451
9.055,-7.661503956018938,-1.0629928365218808,12.35059523922415,5.071052553962618,-2.6381061015092255,110.29127470320459,-0.014167957595724548,-0.004484976897887056,0.07271724170957405,4.085584161030421,3.775099995149383,97.6780149408616
9.0575,-7.723856432427131,-0.9115530625289128,12.626452937370816,4.642724641804387,-2.603630211940942,110.1022979113548,-0.014167957595724548,-0.004484976897887056,0.07271724170957405,4.326412902971336,3.4456741199139898,97.43234872912775
9.06,-7.794486393911096,-0.5702825201851078,12.808075314385109,4.045248181034446,-2.446902759914589,110.32156656359618,-0.014167957595724548,-0.004484976897887056,0.07271724170957405,4.72192431915281,3.0926919651216753,97.18811332605182
9.0625,-7.88985379872348,-0.6278928011687919,12.91387645968416,4.211722228320352,-2.483847258213557,110.10923375253697,-0.014167957595724548,-0.004484976897887056,0.07271724170957405,4.899256244198076,3.0508263175381587,97.13697746650452
9.065,-7.931764111601083,-0.48498680402235306,13.085506496281893,3.892946150596222,-2.4743316800812627,109.9624539685089,-0.014167957595724548,-0.004484976897887056,0.07271724170957405,5.251251409743303,2.6660520012389908,97.1608765922718
9.0675,-8.028608151934996,-0.417090203611464,13.0844440040535,3.9314309122522193,-2.351153252759312,110.25150115237733,-0.014167957595724548,-0.004484976897887056,0.07271724170957405,5.308212273981126,2.8772821789251037,96.78226094762827
9.07,-8.062297248884589,-0.18532815655678495,13.210392853624887,3.447654505671443,-2.268624733971962,110.31715593245747,-0.014167957595724548,-0.004484976897887056,0.07271724170957405,5.690009083446833,2.5480840303806396,96.82859318187113
9.0725,-8.113412050146222,-0.2204977406472608,13.27276049900289,3.643732175754979,-2.3217551935194543,110.13131055990694,-0.014167957595724548,-0.004484976897887056,0.07271724170957405,5.819235467955265,2.4118232696415864,96.89974029437138
9.075,-8.18856294867404,-0.2964157770602154,13.229601028787885,3.8904771019854834,-2.2806185719381182,110.2120807066527,-0.014167957595724548,-0.004484976897887056,0.07271724170957405,5.7946984157674155,2.7020819773115803,96.59966460621584
9.0775,-8.227215864687118,-0.14411267468547573,13.4998310412471,3.408127928028409,-2.265190660529873,110.09710311321034,-0.014167957595724548,-0.004484976897887056,0.07271724170957405,6.051917631516125,2.316412818109007,96.55984553593986
9.08,-8.303111155218078,0.10397961761767653,13.631167016866462,3.036334201907997,-2.1496426469030636,110.23306617414482,-0.014167957595724548,-0.004484976897887056,0.07271724170957405,6.401064134694968,2.0473054155548764,96.38401432024742
9.0825,-8.3642782923467,0.018630875789674095,13.614013357897866,3.2987921368134994,-2.1540663066969135,110.29719637124714,-0.014167957595724548,-0.004484976897887056,0.07271724170957405,6.4017085854534965,2.215972287368952,96.2921019963057
9.085,-8.411108278719189,0.09447637709015766,13.777830224972421,3.0680868364696177,-2.1442470721485702,110.25938575591822,-0.014167957595724548,-0.004484976897887056,0.07271724170957405,6.586652083175482,2.0213811080074717,96.27617333058785
9.0875,-8.50257332400448,0.14813290115403224,13.966363737470987,2.9442079514270802,-2.130459751187452,110.14868605398384,-0.014167957595724548,-0.004484976897887056,0.07271724170957405,6.788258788637704,1.8883603487173255,96.12192810618757
9.09,-4.4027980081623985,0.6332010259547797,14.376452567013805,2.450180060788291,-2.1990314353548115,109.36176472355733,-0.014167957595724548,-0.004484976897887056,0.07271724170957405,4.410584655965263,0.540584284976525,96.52786769351752
9.0925,-4.189316586388902,0.5030844112225271,13.981063153892721,2.6925127777968125,-2.138917966924546,109.78238400285575,-0.014167957595724548,-0.004484976897887056,0.07271724170957405,3.5907611538298334,1.0477110035669852,96.5798857617455
9.095,-3.7326987974733066,5.48313871980554,8.190802669499034,0.5756572860899299,4.763583671126742,133.52331586184945,-0.014167957595724548,-0.004484976897887056,0.07271724170957405,1.753978138014337,11.73810992735824,98.30489386172117
9.0975,-3.5821370691485925,-0.33890641734997784,18.470062090426076,-0.6257944479083105,-5.095641976181007,92.68050547266586,-0.014167957595724548,-0.004484976897887056,0.07271724170957405,6.0026111164433225,-7.147377864050427,94.04426434785528
9.1,-2.9385665339141704,1.2913596147643318,18.261424379117244,-1.1194855517427893,-3.4416664309582563,101.83545494564574,-0.014167957595724548,-0.004484976897887056,0.07271724170957405,5.535280502888131,-5.407442064008908,95.06026871871181
9.1025,-2.7138418211041357,2.2141799079439317,16.873885154032692,-1.5420828564596336,-2.269054203989148,106.36347130425061,-0.014167957595724548,-0.004484976897887056,0.07271724170957405,5.189923667981579,-3.672764319524393,95.29257207842646
9.105,-2.4777902994392615,2.578590778964769,15.907987000535778,-1.482285273478026,-1.6604944196635516,108.45756709655397,-0.014167957595724548,-0.004484976897887056,0.07271724170957405,4.891779404206104,-2.487591372267895,95.23620851648312
9.1075,-2.296199630870584,2.374393052438138,15.050911229420342,-0.3953609577314332,-1.4323588717555624,109.65827197621307,-0.014167957595724548,-0.004484976897887056,0.07271724170957405,4.207164611425637,-1.2152845123128648,95.46386872630553
9.11,-2.016893798739477,2.6967948812427602,15.158549023933338,-1.2575764268187615,-1.2637534064449956,109.96079042893186,-0.014167957595724548,-0.004484976897887056,0.07271724170957405,4.119757289505529,-1.4349501987308342,95.1017998846037
9.1125,-1.6656142926054454,2.5488983089057657,14.969522857306698,-0.7129655193392006,-1.2894171520238753,110.1241180347399,-0.014167957595724548,-0.004484976897887056,0.07271724170957405,3.7739101887034594,-1.169228546200962,95.33234553299667
9.115,-1.4531410873897304,2.5696050679809357,14.764849565891042,-0.6557866658198525,-1.1733255852975073,110.7640305846845,-0.014167957595724548,-0.004484976897887056,0.07271724170957405,3.4053919099062853,-0.8255841572802609,95.20248364461666
9.1175,-1.1269029873558674,3.0017373552256372,15.304877453266657,-1.753588315955493,-1.1099870526647264,110.20385794746105,-0.014167957595724548,-0.004484976897887056,0.07271724170957405,3.6416079882041807,-1.706233114057545,94.95794104468511
9.12,-0.7399709962165196,2.616937138196095,14.987650871319056,-0.6061916582936614,-1.15667762058011,110.63155940025467,-0.014167957595724548,-0.004484976897887056,0.07271724170957405,2.830959839226093,-0.9091231655753637,94.90486062241074
9.1225,-0.8630690187809389,7.678779754038607,8.289640118614072,-2.0574975408365157,6.054056113209636,136.37871239820905,-0.014167957595724548,-0.004484976897887056,0.07271724170957405,1.3123669758700287,10.576505395625713,97.38364242257326
9.125,-0.37315854919735614,1.395420872005849,19.98459294340862,-3.959340165798176,-4.616335151111869,91.5958744842754,-0.014167957595724548,-0.004484976897887056,0.07271724170957405,5.746448894334337,-9.953516734997537,92.48937987042703
9.1275,0.31960885430128166,3.088040946225562,19.677685956297033,-4.282180784128685,-2.857889500862082,101.27144590797077,-0.014167957595724548,-0.004484976897887056,0.07271724170957405,5.212230536657532,-8.003982855437,93.72515993985468
9.13,0.5422670801090506,3.652424251719204,17.93331164706494,-3.741762975281426,-1.7347166971612271,106.30167227483389,-0.014167957595724548,-0.004484976897887056,0.07271724170957405,4.44169190707443,-5.575389026922181,94.50969107267285
9.1325,0.7283408969123036,4.246309922722387,17.190343688718826,-4.323015239078605,-1.092439526642066,108.15829388389791,-0.014167957595724548,-0.004484976897887056,0.07271724170957405,4.277269193458586,-4.8499175935290335,94.0470573530634
9.135,0.7902446302203415,4.681477376406057,16.790368007583233,-4.949116246241559,-0.7015612144778921,109.27969182897058,-0.014167957595724548,-0.004484976897887056,0.07271724170957405,4.5241366245950445,-4.652302678683459,93.8845283398003
9.1375,1.2124722050984444,4.494115808826764,16.220750567799897,-3.8682122725046044,-0.5620876512913232,110.15011483167248,-0.014167957595724548,-0.004484976897887056,0.07271724170957405,3.7821722177304933,-3.704946935004979,94.06133083058208
9.14,1.394933460942592,4.06833319594578,15.781870964398399,-2.9745574796459264,-0.6212942153198265,110.60079701443513,-0.014167957595724548,-0.004484976897887056,0.07271724170957405,3.158358167345913,-2.889701853639963,94.50237227162106
9.1425,1.6928399075985903,4.218560123185727,16.161350328551606,-3.632693058544707,-0.5962715508387332,110.33047734578629,-0.014167957595724548,-0.004484976897887056,0.07271724170957405,2.8923761645995025,-3.2132079386441497,94.07225712487576
9.145,2.000603606143417,4.168418447676609,16.252479260400655,-3.511512580516769,-0.5939488488011675,110.39859849033031,-0.014167957595724548,-0.004484976897887056,0.07271724170957405,2.561013373166281,-3.10939568959546,93.9991275536398
9.1475,2.255630077628738,4.355674354052568,16.55409277945015,-4.077782615853956,-0.5338077101817639,110.2524152315405,-0.014167957595724548,-0.004484976897887056,0.07271724170957405,2.4560121427221486,-3.3732534792815607,93.53745867901281
9.15,2.532336563645581,4.255862958608084,16.56699233737853,-3.796091006612527,-0.5387743791176971,110.45259583316752,-0.014167957595724548,-0.004484976897887056,0.07271724170957405,2.0487277815208724,-3.1674084400478923,93.53318885735942
9.1525,2.71754282513738,3.889322504940981,16.392429415770415,-2.9717851526729424,-0.5867185238517205,110.71779505858657,-0.014167957595724548,-0.004484976897887056,0.07271724170957405,1.3389983108740005,-2.4528966117885234,93.5338552646702
9.155,3.136836157861197,3.3809484753870302,16.35293760423638,-2.0885426657260218,-0.7690722494420899,110.88774891296343,-0.014167957595724548,-0.004484976897887056,0.07271724170957405,0.29187149288584674,-1.8201249068622491,93.75908924617369
9.1575,3.357576993762208,2.7707495737121075,16.376445812171326,-1.141354489691778,-0.9983590296221448,110.64961188643171,-0.014167957595724548,-0.004484976897887056,0.07271724170957405,-0.7463745443516506,-1.1208392094417983,93.69585489189525
9.16,3.6750780650439574,2.371427677439198,16.709132705683572,-0.7691567451100799,-1.1414293360580494,110.42331365894468,-0.014167957595724548,-0.004484976897887056,0.07271724170957405,-1.7973538354496565,-0.6351349335889559,93.22136031438586
9.1625,3.848775245944749,1.8649997628086517,16.812002479863615,-0.055005256560166894,-1.3022330732278475,110.59676050701738,-0.014167957595724548,-0.004484976897887056,0.07271724170957405,-2.7823549228765074,0.014438757104240443,93.22465004809824
9.165,4.239604039434736,1.9897845656734343,17.59298030748942,-0.9389454396186419,-1.3719917111961173,109.93192359607771,-0.014167957595724548,-0.004484976897887056,0.07271724170957405,-3.1292596895909703,-0.5467009511015487,92.67784897462256
9.1675,4.407140291403174,1.9202466427537812,17.795135891317393,-0.82210447493293,-1.3718962257764944,109.95414121116387,-0.014167957595724548,-0.004484976897887056,0.07271724170957405,-3.516796549817034,-0.3932941162563113,92.35867434550232
9.17,5.401697885143382,2.1721623533566783,15.836114920200616,0.4885565472802641,-3.29251648806228,110.22116252989942,-0.014167957595724548,-0.004484976897887056,0.07271724170957405,4.5638101123451795,-7.542234601225825,113.48929658372226
9.1725,3.7770969543131896,3.1748246937488545,17.881033761447142,-0.8045667747236046,0.6908602030113778,107.9973112431907,-0.014167957595724548,-0.004484976897887056,0.07271724170957405,-5.230385267249943,3.644379388987482,78.90598457407259
9.175,3.4092866624799645,0.9022163078960685,19.562992147636095,-0.3505689855277214,-1.2795531026015572,109.02094995913043,-0.014167957595724548,-0.004484976897887056,0.07271724170957405,-6.584759638971692,2.310925162382658,87.0728418297782
9.1775,4.274089029502055,0.5524934139526665,19.431404869404766,0.22831369646389163,-1.7170991513755052,109.89268747373744,-0.014167957595724548,-0.004484976897887056,0.07271724170957405,-6.738678872420129,1.638320185966329,90.12315933530056
9.18,5.205433787549886,0.8290956367503403,19.56088047274114,-0.13614594595097304,-1.7461344147536875,109.48842596186861,-0.014167957595724548,-0.004484976897887056,0.07271724170957405,-6.75498425622338,0.8482155088106502,90.69740758616973
9.1825,5.953795688401212,0.9639811162171827,19.233665982961504,-0.07003925555620065,-1.7701415360062935,109.53716716189915,-0.014167957595724548,-0.004484976897887056,0.07271724170957405,-6.70192991965156,0.40814675625850044,91.47987264627659
9.185,6.181491640564766,0.9910690213343191,19.081799349358825,0.15079109766518398,-1.7034124085598596,109.72487693662985,-0.014167957595724548,-0.004484976897887056,0.07271724170957405,-6.870229380485606,0.5434405701707181,91.40029416387608
9.1875,6.330648645681305,0.9594456796586038,18.97478744044453,0.39650836750953083,-1.6780469950750008,109.79501465226777,-0.014167957595724548,-0.004484976897887056,0.07271724170957405,-6.979663537800063,0.6780239585899309,91.52310352296675
9.19,6.651964245002279,1.1339395084400536,19.09264430597152,0.08899344677906962,-1.5914530560571127,109.84134213687445,-0.014167957595724548,-0.004484976897887056,0.07271724170957405,-7.07118103958716,0.5519162272433817,91.3164373905529
9.1925,6.848205313620712,0.9024671346266854,19.04960421112994,0.5249985609592138,-1.7013067187565332,109.70720134614756,-0.014167957595724548,-0.004484976897887056,0.07271724170957405,-7.38616863014684,0.6705812391252536,91.37180206276561
9.195,7.0242761401738365,1.0818089451512964,19.166458942124436,0.24027993223520275,-1.6331936709920738,109.69489518817345,-0.014167957595724548,-0.004484976897887056,0.07271724170957405,-7.325023146591767,0.4702040017162818,91.32294391871469
9.1975,7.357317582845068,1.133308267511831,19.30780569305211,0.2237588300064801,-1.5862150094187608,109.63012121664444,-0.014167957595724548,-0.004484976897887056,0.07271724170957405,-7.640028461472683,0.47746865211519035,90.98344048824723
9.2,7.6215202896257725,1.1186006738626644,19.301422789384375,0.3207469172174838,-1.5904630249933926,109.8395865298779,-0.014167957595724548,-0.004484976897887056,0.07271724170957405,-7.829139296167635,0.4928821880643512,91.27943295879209
9.2025,7.837314456567647,1.1284913298049284,19.416164934361063,0.3047826959594292,-1.5613366299856195,109.6579285227832,-0.014167957595724548,-0.004484976897887056,0.07271724170957405,-8.034044531619674,0.5390291476915262,90.99425865348593
9.205,8.191807319028182,0.8939974972537695,19.52516961904543,0.726091707231842,-1.6746682746653225,109.48724188955622,-0.014167957595724548,-0.004484976897887056,0.07271724170957405,-8.597755731373494,0.6604424123872015,90.98850766450786
9.2075,8.334652203280156,0.9464024370679276,19.669804884429183,0.5161899706188636,-1.6874133605831254,109.41872336832071,-0.014167957595724548,-0.004484976897887056,0.07271724170957405,-8.65168586287201,0.46058944156753034,91.00218502019094
9.21,8.588960728333296,0.9295190070889947,19.648765014086123,0.7336577160122981,-1.593731417126294,109.8025905701176,-0.014167957595724548,-0.004484976897887056,0.07271724170957405,-9.119589769024945,0.8241516726344386,90.69953973434
9.2125,8.804610035118449,1.032491100803842,19.913128189797426,0.476303328342726,-1.550740154812789,109.60691099963225,-0.014167957595724548,-0.004484976897887056,0.07271724170957405,-9.32231923431628,0.695389004962041,90.47388757307003
9.215,9.07476257910656,1.0264899270395604,20.110801198815217,0.3672972270957242,-1.6160767810680845,109.4840588557919,-0.014167957595724548,-0.004484976897887056,0.07271724170957405,-9.507086787748708,0.477293305779531,90.34750640015685
9.2175,9.209269962587065,0.8402375030423822,19.989018873378882,0.8923118468282702,-1.648178053336773,109.67837598937366,-0.014167957595724548,-0.004484976897887056,0.07271724170957405,-9.804905130891305,0.7766599124817413,90.59513681457
9.22,9.715596986004075,0.920878191629732,20.411559305783072,0.6139798137689028,-1.5927659351370687,109.27750233579548,-0.014167957595724548,-0.004484976897887056,0.07271724170957405,-10.420239501475477,0.7482589990172134,89.7773571407607
9.2225,9.795538227494836,0.7634142768050386,20.394069188727805,0.9227034351114249,-1.6917491391273014,109.37067414003752,-0.014167957595724548,-0.004484976897887056,0.07271724170957405,-10.575392628447704,0.7484014535714015,90.28337650030716
9.225,10.057547914982457,0.8591129160888064,20.536566306487863,0.7853533746502409,-1.5499974295259433,109.63814989095147,-0.014167957595724548,-0.004484976897887056,0.07271724170957405,-11.054070400407852,0.9981820805617082,89.62872845562771
9.2275,10.249429135013441,0.6648258543005767,20.501667255135146,1.1405124534441542,-1.6881901054383306,109.74964577778499,-0.014167957595724548,-0.004484976897887056,0.07271724170957405,-11.210408927095065,0.9824776740270188,90.27754882289848
9.23,10.612680513083365,0.7601106882717541,20.83925677805776,0.8228440578475333,-1.7092626642941189,109.15859092860195,-0.014167957595724548,-0.004484976897887056,0.07271724170957405,-11.369216200680714,0.6419442642886021,89.87564251841246
9.2325,10.916280669822298,0.8117929423472267,20.9139847193455,0.9059041384289486,-1.5743104741429985,109.40118366529057,-0.014167957595724548,-0.004484976897887056,0.07271724170957405,-11.883251137829758,0.9564778660417625,89.36046872792255
9.235,11.090578333345126,0.5470557957697,20.884851977110188,1.3840939941143382,-1.663653457612989,109.50815478403024,-0.014167957595724548,-0.004484976897887056,0.07271724170957405,-12.357069417549233,1.2480063624368978,89.53429762201634
9.2375,11.185762742694411,0.6552889318002572,21.1923141177771,1.012161297950661,-1.641543323018176,109.30713120372316,-0.014167957595724548,-0.004484976897887056,0.07271724170957405,-12.461530984752473,1.043289468882515,89.19970279418966
9.24,11.472498447481454,0.7467564323678221,21.355073966901635,0.8827370364716463,-1.6416076578421708,109.34043890539573,-0.014167957595724548,-0.004484976897887056,0.07271724170957405,-12.527970246963436,0.822237968152568,89.33423352769127
9.2425,11.587169653835034,0.5001125328003364,21.228061345620695,1.5315338561571887,-1.6889527383254004,109.42791757499504,-0.014167957595724548,-0.004484976897887056,0.07271724170957405,-12.936483169408044,1.2068561839065606,89.30411453617432
9.245,11.888328323465922,0.43980830795037285,21.35470803880824,1.6020293440695679,-1.7513807501576801,109.36521993258586,-0.014167957595724548,-0.004484976897887056,0.07271724170957405,-13.228401555304213,1.1234947161814066,89.41328921966216
9.2475,12.30395368164856,0.7279220516346199,21.793405604123272,0.8862993089245653,-1.7116819492533115,108.95648903186233,-0.014167957595724548,-0.004484976897887056,0.07271724170957405,-13.272265805410994,0.5613987540411889,89.13969344510872
9.25,12.38487748284998,0.6209060915735325,21.642363977508197,1.3634823300537369,-1.6365428992691942,109.25149252717945,-0.014167957595724548,-0.004484976897887056,0.07271724170957405,-13.690636196830022,1.0397329124284422,88.7471529811207
9.2525,12.496475603133325,0.5844357810603159,21.813829464757347,1.314045197261695,-1.6859515590682583,109.08857002967878,-0.014167957595724548,-0.004484976897887056,0.07271724170957405,-13.807892631066458,0.9295261966817835,88.74134129940056
9.255,12.7085400252654,0.6472806145260324,21.81027555420644,1.395504395345099,-1.5468453327062417,109.65779777209588,-0.014167957595724548,-0.004484976897887056,0.07271724170957405,-14.150257682776878,1.2550891096793597,88.6125716765431
9.2575,12.939124909883333,0.5183517897280407,22.09986886556718,1.408675525077337,-1.7290097240578823,108.94254353858297,-0.014167957595724548,-0.004484976897887056,0.07271724170957405,-14.283235546098718,0.8897509540018194,88.60624719086387
9.26,13.091629442179139,0.6339224773030866,22.212694648105433,1.268181674375789,-1.6430959245868049,109.1793850832962,-0.014167957595724548,-0.004484976897887056,0.07271724170957405,-14.470624126950563,0.896147969055859,88.3503731522361
9.2625,13.378005185719074,0.5608470795801481,22.15273293968277,1.6222231325239,-1.6012880519795032,109.56393952536482,-0.014167957595724548,-0.004484976897887056,0.07271724170957405,-14.909577451128195,1.2154798897344037,88.36401459009402
9.265,13.534876268918316,0.45517454450052236,22.418278993950842,1.6376816457219554,-1.6753547814536394,109.31608868579484,-0.014167957595724548,-0.004484976897887056,0.07271724170957405,-15.258255266525797,1.2366144694925607,88.16106404621532
9.2675,13.536141316812621,0.5226643364482496,22.639882774816563,1.3198783013705049,-1.7014708589872907,108.76817045399461,-0.014167957595724548,-0.004484976897887056,0.07271724170957405,-15.14096141919121,0.9087324302455442,87.79766937484347
9.27,13.704099062665938,0.5742971202872847,22.942775293948863,1.2870110157741763,-1.687266329193731,109.04161518462512,-0.014167957595724548,-0.004484976897887056,0.07271724170957405,-15.308847635502827,0.8403282533676599,87.78984517375622
9.2725,13.712571063582658,0.7972861901233013,22.916805965772852,0.966719232466402,-1.5541850433541133,109.13462785943526,-0.014167957595724548,-0.004484976897887056,0.07271724170957405,-15.114389355532632,0.6870171148553218,87.65024705813903
9.275,13.790646437304561,0.4839240309375581,22.765734113794117,1.8500441251590714,-1.6129771015633125,109.29505180343732,-0.014167957595724548,-0.004484976897887056,0.07271724170957405,-15.584351729681133,1.2529848954357754,87.60355337518448
9.2775,13.847706780083382,0.5179527588617423,22.99728364909314,1.6122285239351681,-1.6356156449360828,109.23429523533643,-0.014167957595724548,-0.004484976897887056,0.07271724170957405,-15.574041054228125,1.07482159492284,87.71958386555934
9.28,13.82858849277657,0.6317419772806887,22.920398026713457,1.503615963617787,-1.574677283264216,109.05759719370734,-0.014167957595724548,-0.004484976897887056,0.07271724170957405,-15.370628792568686,0.9433466422717471,87.48787635378946
9.2825,13.98874136989686,0.7411189567275537,23.295909754670454,1.2432945462326184,-1.5636348725848608,109.07505073851914,-0.014167957595724548,-0.004484976897887056,0.07271724170957405,-15.371175182272607,0.676808944563171,87.39143771710359
9.285,14.063208698495709,0.7411756778746413,23.394071854235513,1.3050151118725746,-1.5508972545112722,109.09863394547493,-0.014167957595724548,-0.004484976897887056,0.07271724170957405,-15.499017640233006,0.714561061397701,87.21346020303471
9.2875,14.100492186356096,0.4366085556938083,23.096643892038927,2.2539920530809288,-1.5523983718523366,109.71178405598248,-0.014167957595724548,-0.004484976897887056,0.07271724170957405,-16.09446365899999,1.4954213778798242,87.3032997129331
9.29,14.0988699432596,0.5852943930606465,23.581536496679796,1.443353011228961,-1.6234149546403016,108.71823915664773,-0.014167957595724548,-0.004484976897887056,0.07271724170957405,-15.802083579552173,0.8148052652577691,86.87216980677431
9.2925,14.182599506226083,0.6103637404429586,23.393762354425085,1.7954358627703375,-1.5248209126963699,109.52112566279483,-0.014167957595724548,-0.004484976897887056,0.07271724170957405,-15.879040604841018,1.0860971148767218,87.17334158804894
9.295,14.29366793210341,0.40108538290431356,23.4788964599919,2.2814667385430325,-1.5794124710020423,109.37837381407924,-0.014167957595724548,-0.004484976897887056,0.07271724170957405,-16.298178545032904,1.4160623509418646,87.01504378558307
9.2975,14.245495781926632,0.6469092100530259,23.85450459108693,1.3974522396961864,-1.6086677903728936,108.55473754257595,-0.014167957595724548,-0.004484976897887056,0.07271724170957405,-15.830007720303565,0.61973820729742,86.6224522056567
9.3,14.440260574329255,0.6501046371776751,24.060649914883896,1.6393887765009432,-1.5841205705945558,109.06340204292148,-0.014167957595724548,-0.004484976897887056,0.07271724170957405,-16.101784775293062,0.705660412982106,86.68502897509867
9.3025,14.43086067337788,0.6221596484689739,23.962137704459685,1.7509205134836652,-1.57325756675163,109.01923452603144,-0.014167957595724548,-0.004484976897887056,0.07271724170957405,-16.05043021550037,0.7740515233600224,86.72376013698275
9.305,14.473347163613019,0.8791218820924169,23.93029375736245,1.4034091767042718,-1.3822961512355647,109.23057539574594,-0.014167957595724548,-0.004484976897887056,0.07271724170957405,-15.883840812729998,0.7178969446271922,86.42898463543177
9.3075,14.58385479335087,0.7620677853735243,24.13717826204961,1.5908175540998026,-1.4973713578321801,109.05419244765064,-0.014167957595724548,-0.004484976897887056,0.07271724170957405,-15.926793607182372,0.619540850250256,86.58744032824119
9.31,11.511734259775494,0.0065863384905131455,25.767430758879954,1.5522320075559901,-1.868134143286216,108.83937135580068,-0.014167957595724548,-0.004484976897887056,0.07271724170957405,-14.864760003680676,1.1320086503430271,85.52707245968878
9.3125,13.734622041753402,-2.0755524447669083,32.86792563092855,1.4847650875485239,-3.8924266705486574,105.59872294126455,-0.014167957595724548,-0.004484976897887056,0.07271724170957405,-19.041215191987163,-0.19610167656902916,85.39830884537486
9.315,13.035403276669962,1.5576675625888285,19.96264582673841,1.8636164718268995,-0.33155309783310877,109.7777551443713,-0.014167957595724548,-0.004484976897887056,0.07271724170957405,-14.210319758243354,2.352849313330452,85.53003537850196
9.3175,14.316251454931095,2.123553393118938,22.383110344851794,0.6530444931399746,-0.5283972428839505,109.86700869586916,-0.014167957595724548,-0.004484976897887056,0.07271724170957405,-13.5979664049004,0.24344643218087783,86.16830861213666
9.32,14.486656331372538,-1.087925844099702,31.305608684942285,1.340620216797719,-3.224251381402854,106.75310722186357,-0.014167957595724548,-0.004484976897887056,0.07271724170957405,-17.931774811928697,-0.49785785499630786,86.00535816573523
9.3225,13.26140497548666,2.1452000159411364,20.03762137131765,1.1798874519455493,-0.137273799987123,109.71502178296184,-0.014167957595724548,-0.004484976897887056,0.07271724170957405,-13.271294625326613,1.5004042381252103,85.52536066106018
9.325,14.471983691827514,2.0011408605951106,22.026683655349103,1.5823904657067507,-0.5134386522842009,110.47127962060318,-0.014167957595724548,-0.004484976897887056,0.07271724170957405,-13.503420475914437,0.5820776106110812,86.70859561761795
9.3275,14.829583163725175,1.6364833320631365,23.148400634879962,1.6243779758480874,-0.8379918984983789,110.17346964517257,-0.014167957595724548,-0.004484976897887056,0.07271724170957405,-14.277404353324735,0.39074783974677885,86.81236037483353
9.33,14.897420703552319,1.6202070519283915,23.777279563642985,1.1382410792331694,-0.926999652204967,109.93665755184217,-0.014167957595724548,-0.004484976897887056,0.07271724170957405,-14.662354161571137,0.13600676606690631,86.3037608292854
9.3325,14.974593616556058,1.6692806878985245,24.55397271981048,0.4150919819691981,-1.1070895908529061,108.99815803773907,-0.014167957595724548,-0.004484976897887056,0.07271724170957405,-14.58286665456898,-0.6605951277697623,85.96744690926259
9.335,10.59188825679588,0.3420934147514617,27.182612600615585,0.7129125304677492,-1.8215841198250575,108.62953014571956,-0.014167957595724548,-0.004484976897887056,0.07271724170957405,-13.28301272580951,0.1588654156113365,84.79019032228385
9.3375,10.404348698051646,0.39500058623891493,26.163521216484696,1.3746126957996279,-1.5802700495389101,108.95849696511503,-0.014167957595724548,-0.004484976897887056,0.07271724170957405,-12.751575634554259,0.7803289547815082,84.66078733921363
9.34,9.931552469985784,0.34581314681136205,25.66449046460186,1.9194645465347706,-1.4413573832313642,109.62881565596946,-0.014167957595724548,-0.004484976897887056,0.07271724170957405,-12.410227075353806,1.3861133519789368,84.78392053077134
9.3425,9.817200750524558,0.6988046865168749,26.011399778809313,0.8908257016594876,-1.4606288894759447,108.81562723999579,-0.014167957595724548,-0.004484976897887056,0.07271724170957405,-11.59885199272078,0.44906280164100276,84.38421923414379
9.345,9.382767155337845,0.5776615380450304,25.814612624018814,1.5536072947382042,-1.442112000277585,109.18447693924686,-0.014167957595724548,-0.004484976897887056,0.07271724170957405,-11.203943125366623,0.7808319385885191,84.78819631106448
9.3475,9.36992657349459,1.1276376847704748,26.056852855567683,0.3106524222243965,-1.337915096733615,108.71425677606885,-0.014167957595724548,-0.004484976897887056,0.07271724170957405,-10.267381937272066,-0.2070753544442495,84.51966186080409
9.35,9.102524950793088,1.028663538938975,25.9478078662069,0.8648568929140199,-1.3534151496277689,108.8813219112359,-0.014167957595724548,-0.004484976897887056,0.07271724170957405,-9.943549640398606,-0.03529479464856267,84.74224026829091
9.3525,8.828748463548097,0.8162843880778321,25.55805288074098,1.6203060110667482,-1.2927860840547656,109.59504136583982,-0.014167957595724548,-0.004484976897887056,0.07271724170957405,-10.035362145529499,0.6472346680922942,84.90290141741474
9.355,8.529008049481643,0.5432772662260015,25.392617573490057,2.118628656870599,-1.3298830471118617,109.76040999606589,-0.014167957595724548,-0.004484976897887056,0.07271724170957405,-10.106972462030566,1.1311639215296867,84.93903843398955
9.3575,8.34460796556087,0.8586773468545502,26.067137722657414,0.9229759523661483,-1.3715078847181392,108.96832177259624,-0.014167957595724548,-0.004484976897887056,0.07271724170957405,-9.451692670231918,0.21612986264358164,84.48045663139591
9.36,8.08101348067567,1.0262266845139068,26.201413490237975,0.7702721240076942,-1.243654004255526,109.20681271270863,-0.014167957595724548,-0.004484976897887056,0.07271724170957405,-9.122237616889754,0.21584218152874213,84.19240300641326
9.3625,7.9565366264545085,0.9886798310729771,26.02005023086319,1.0833668743653717,-1.2226858441259072,109.66288152240406,-0.014167957595724548,-0.004484976897887056,0.07271724170957405,-8.945103597608284,0.3720159730929462,84.51742056214408
9.365,8.088231075736811,1.362979080397186,26.5747453873868,-0.061762127900890085,-1.1985128447136997,108.84832427674414,-0.014167957595724548,-0.004484976897887056,0.07271724170957405,-8.510092796809772,-0.4684333714243513,83.87053815170238
9.3675,7.808760596739598,0.9786988896211745,26.156908236896918,1.1657816736265965,-1.1948471993618985,109.67460782668171,-0.014167957595724548,-0.004484976897887056,0.07271724170957405,-8.72510163621044,0.44139416610628723,84.30363878544796
9.37,7.796125708655128,1.2617300492928503,26.632978636533522,0.10371826727351126,-1.2453953619550495,108.8539792108244,-0.014167957595724548,-0.004484976897887056,0.07271724170957405,-8.226206222470028,-0.409512114945383,83.93639850247823
9.3725,7.398355663002414,1.3692776173196266,26.657142346059636,0.18326484177359703,-1.0786130615975096,109.59044944683112,-0.014167957595724548,-0.004484976897887056,0.07271724170957405,-8.022744250580882,-0.11912619993319164,83.72017503210832
9.375,7.323386915778502,1.2719499369009215,26.685742408490874,0.31254561361530336,-1.1478727421298882,109.42368848919725,-0.014167957595724548,-0.004484976897887056,0.07271724170957405,-7.861475658949774,-0.14217726053332216,83.83152992698247
9.3775,7.148802746073464,1.2928379558469543,26.76861800742619,0.17389412704704532,-1.1193086081234478,109.50429351668812,-0.014167957595724548,-0.004484976897887056,0.07271724170957405,-7.650260613827197,-0.13342309538426933,83.71885809777001
9.38,7.094981826109852,1.472178599806632,27.050535126002444,-0.33412010291209326,-1.1281571221526512,109.06884300382966,-0.014167957595724548,-0.004484976897887056,0.07271724170957405,-7.262914382801711,-0.6087107023108779,83.4736842094065
9.3825,6.77464407641107,1.2133431409798487,26.953875632254046,0.4008228535095974,-1.1305723035262,109.52989728741693,-0.014167957595724548,-0.004484976897887056,0.07271724170957405,-7.414389119898566,-0.009874796829516128,83.45967658891459
9.385,6.552862539705613,1.268051075509309,27.003221263763535,0.1317690091948826,-1.1003955054037398,109.62391260389047,-0.014167957595724548,-0.004484976897887056,0.07271724170957405,-7.103114088024352,-0.0750312250103997,83.478695408741
9.3875,6.521198281292664,1.4852222779893678,27.16523411393507,-0.2627145502050648,-0.9760551199048962,109.7195983455757,-0.014167957595724548,-0.004484976897887056,0.07271724170957405,-6.921303749221858,-0.1869822338025954,83.1054792895748
9.39,6.204544851474247,1.3888942294202349,27.381143121503754,-0.25240674191793117,-1.078136106566625,109.52748298721485,-0.014167957595724548,-0.004484976897887056,0.07271724170957405,-6.664763934174868,-0.3094426768227559,83.02340487812661
9.3925,6.096867268911719,1.330504360569433,27.41290232020866,-0.15459029342168634,-1.0999263580875025,109.47856449416946,-0.014167957595724548,-0.004484976897887056,0.07271724170957405,-6.527708055767204,-0.2762752061536683,82.9903984010878
9.395,5.858470966983684,1.5071024271313966,27.86155876310493,-0.8176838881794254,-1.1366827452379993,109.06850069208633,-0.014167957595724548,-0.004484976897887056,0.07271724170957405,-5.960480542689827,-0.8233839357925384,82.87662745776852
9.3975,5.801400715732744,1.3224299755164732,27.54701516447784,-0.07090592778467475,-1.0669847059943907,109.66345149316909,-0.014167957595724548,-0.004484976897887056,0.07271724170957405,-6.174015050345775,-0.18139762073537857,82.86189914025195
9.4,5.559034015605639,1.112307885960605,27.460520010253703,0.35910688397388835,-1.0564528883402806,110.07343717381318,-0.014167957595724548,-0.004484976897887056,0.07271724170957405,-6.418115697221377,0.3491838285618141,82.78287004635173
9.4025,5.396904817773411,1.0338583195563857,27.422357269000912,0.48189649991981365,-1.0243593006583638,110.31480802183599,-0.014167957595724548,-0.004484976897887056,0.07271724170957405,-6.475351936166887,0.6472618652292488,82.71209256390821
9.405,5.474206304682569,1.4411859326391339,28.356277822919374,-1.2329361519446773,-1.2174921008638286,108.65499604931895,-0.014167957595724548,-0.004484976897887056,0.07271724170957405,-5.554532927854559,-1.0146881269175958,82.3068437961877
9.4075,5.223478588221572,0.8444027618435986,27.67202223074588,0.9241991389819809,-1.0881800673242445,110.3664370633102,-0.014167957595724548,-0.004484976897887056,0.07271724170957405,-6.331083098663985,0.8243709028350201,82.73386902577558
9.41,4.81360669300115,0.03429462314993625,27.279136606477792,2.403629430993708,-1.2495885179817356,110.89099831111203,-0.014167957595724548,-0.004484976897887056,0.07271724170957405,-7.196218260815729,2.2040088985248807,82.83003934888019
9.4125,4.804362230126957,-0.04576195864679506,27.848744950247912,1.7206225860788091,-1.4240922476328635,109.91494635593727,-0.014167957595724548,-0.004484976897887056,0.07271724170957405,-7.2806475196936145,1.7713391729686647,82.27751036413788
9.415,4.075016695476083,-2.5341565132590094,34.42812105266764,2.523166315619668,-3.1373304901492927,107.61341823700394,-0.014167957595724548,-0.004484976897887056,0.07271724170957405,-10.367183512458318,1.921020227842772,81.66197789057361
9.4175,4.046218422262312,0.2837476414598055,25.24715033802353,1.9608330881034934,-0.8161813031128615,109.91422703315183,-0.014167957595724548,-0.004484976897887056,0.07271724170957405,-6.83397132500732,3.026265692390728,81.42049596453829
9.42,3.71986739215616,-0.21744156381003638,27.35896211628937,2.381520414133283,-1.299199402096013,110.36921542303006,-0.014167957595724548,-0.004484976897887056,0.07271724170957405,-6.530059007714149,2.5465509219030373,81.99011399657674
9.4225,3.660036612148201,-0.5516615653699348,28.04448348037183,2.6264813048335824,-1.4850545622943947,110.23968334748211,-0.014167957595724548,-0.004484976897887056,0.07271724170957405,-6.926654462700028,2.674862930593623,81.74635477091233
9.425,3.317691660189082,-1.1467448924533048,28.05763217032333,3.628091305129737,-1.6789278647928605,110.59734448126527,-0.014167957595724548,-0.004484976897887056,0.07271724170957405,-7.411718726041809,3.427437175065225,82.02097465133716
9.4275,3.110454474194703,-1.3385071749559965,28.5854662975133,3.3884767261811257,-1.8455406975572435,110.03318392256402,-0.014167957595724548,-0.004484976897887056,0.07271724170957405,-7.461381497193529,3.293851694578709,81.74059264439717
9.43,3.230972424104259,-1.5796055821889654,28.73743389280633,3.697014709815945,-1.9209860802822318,109.90698867456491,-0.014167957595724548,-0.004484976897887056,0.07271724170957405,-7.8556650114869715,3.5547485429265877,81.51669808899624
9.4325,2.7303504826875478,-1.7119931826088766,29.03494643772823,3.6908177537783646,-1.9398074960311418,109.99847234351141,-0.014167957595724548,-0.004484976897887056,0.07271724170957405,-7.9168830828406085,3.825334213790109,81.04938563776368
9.435,2.633368427648962,-1.753583783430363,29.44797753715676,3.421355707562725,-2.06578468774235,109.73564499459627,-0.014167957595724548,-0.004484976897887056,0.07271724170957405,-7.674545398640124,3.476816024888726,81.18043408656963
9.4375,2.5445309922955235,-2.0915351272441307,29.228203590210953,4.317162582831603,-2.084295534959546,109.97775880064722,-0.014167957595724548,-0.004484976897887056,0.07271724170957405,-8.10840895500691,4.178233391146426,80.98070109169636
9.44,2.327309381491481,-2.319218808082943,29.38557491146846,4.52044292574875,-2.1802562484989405,109.9640423077256,-0.014167957595724548,-0.004484976897887056,0.07271724170957405,-8.18298204710312,4.381170095086981,81.08153631731027
9.4425,2.1541847694794334,-2.416435115635775,29.533379077759797,4.5888565116749716,-2.1824695483374423,110.01479872912674,-0.014167957595724548,-0.004484976897887056,0.07271724170957405,-8.295388331416813,4.588911983401451,80.74199351467911
9.445,2.0520537885241787,-2.6147970457016125,29.645961415979215,4.904526972984941,-2.2763583912846075,109.9654981718537,-0.014167957595724548,-0.004484976897887056,0.07271724170957405,-8.387645114876412,4.7275057365006745,80.82377246523906
9.4475,1.9730606933407733,-2.6506387226072627,29.620722192396748,4.9659023216649105,-2.2243035117718057,110.08542053198026,-0.014167957595724548,-0.004484976897887056,0.07271724170957405,-8.493667783917441,4.9861862541846484,80.46926559278012
9.45,1.7779042343106375,-2.8979884773736986,29.6992842790074,5.37784542779168,-2.284171789701292,110.34702532306262,-0.014167957595724548,-0.004484976897887056,0.07271724170957405,-8.67316173428886,5.371315322435723,80.49802621995585
9.4525,1.3604176619252453,-3.0294348656025387,30.088333357129457,5.22119683178047,-2.398907477553421,110.04325731035127,-0.014167957595724548,-0.004484976897887056,0.07271724170957405,-8.516718020051291,5.273756795577121,80.13118835817009
9.455,1.1951315806153497,-2.838564977256468,30.298201966468312,4.82177025791811,-2.379467666654223,109.97092221230761,-0.014167957595724548,-0.004484976897887056,0.07271724170957405,-8.00648647746661,4.9027034368256155,80.22651141187617
9.4575,1.003680800745037,-3.0428463254383646,30.12591883734347,5.496685280355192,-2.3646937584751986,110.29713584663142,-0.014167957595724548,-0.004484976897887056,0.07271724170957405,-8.102228250712342,5.4298080430100795,80.12553612856739
9.46,0.8297189292924966,-3.1521121871156335,30.183732708056432,5.64350318694708,-2.3957769168432725,110.27757165661119,-0.014167957595724548,-0.004484976897887056,0.07271724170957405,-8.11285997031029,5.582967788875272,79.99643047259121
9.4625,0.8847430178488334,-3.431043864545111,30.041552645000948,6.224303578101325,-2.534320021057984,110.26061573575639,-0.014167957595724548,-0.004484976897887056,0.07271724170957405,-8.303685103263323,5.773158920921622,80.1910516480341
9.465,0.4988811263193441,-3.346423180467511,30.473446532896666,5.747505061892412,-2.472609310098626,110.21995889487262,-0.014167957595724548,-0.004484976897887056,0.07271724170957405,-8.148059241370696,5.752951432863346,79.60131924766638
9.4675,0.417354491319821,-3.3769174131065616,30.40224165037892,5.95195558582739,-2.5036404460031196,110.45214302391808,-0.014167957595724548,-0.004484976897887056,0.07271724170957405,-7.954078212214568,5.736630151091888,79.88677576321483
9.47,0.4576369570420468,-3.6722069985739565,30.20968147607482,6.780085014790371,-2.553147653179962,110.68288954133745,-0.014167957595724548,-0.004484976897887056,0.07271724170957405,-8.304331840722892,6.271452647126572,79.99112786654767
9.4725,-0.10292940833566244,-3.922343499538521,30.465356641203066,6.940937321073138,-2.6449153712295725,110.68709327566367,-0.014167957595724548,-0.004484976897887056,0.07271724170957405,-8.277288131377949,6.541543208268463,79.77080020168562
9.475,-0.15380426962865526,-3.952839105982806,30.382005540425112,7.139230583378941,-2.5990297564711105,111.03157025804995,-0.014167957595724548,-0.004484976897887056,0.07271724170957405,-8.330828448085963,6.7879873662523025,79.7126711795478
9.4775,-0.5028496724547069,-4.0946202233091595,30.68742005753264,7.097519121529858,-2.714749246968371,110.66562647098152,-0.014167957595724548,-0.004484976897887056,0.07271724170957405,-8.162622044421433,6.693197239200044,79.48995407437755
9.48,-0.5792200871677293,-4.071778783368607,30.756647189346523,7.133316777413171,-2.669776004676118,110.8179754973718,-0.014167957595724548,-0.004484976897887056,0.07271724170957405,-8.097957946809888,6.774079206998086,79.35305535857718
9.4825,-0.8821019632003858,-4.432293779679953,30.70431052382004,7.86301097074246,-2.7901961134311053,111.03597461097308,-0.014167957595724548,-0.004484976897887056,0.07271724170957405,-8.228332023371724,7.197768032410833,79.47365848658963
9.485,-1.1150838140742734,-4.421538034209743,30.944869276869127,7.587331899875463,-2.8249907299286674,110.8982489229222,-0.014167957595724548,-0.004484976897887056,0.07271724170957405,-8.017938059285811,7.01904605133302,79.27741795913818
9.4875,-1.3727246539820064,-4.133161787709229,31.075968240127978,7.091141709792042,-2.7385991687875704,110.9558533168742,-0.014167957595724548,-0.004484976897887056,0.07271724170957405,-7.377836829706055,6.624937588265911,79.29220428296988
9.49,-1.4870532592923569,-4.398460732490898,30.82418025449953,7.927575544147861,-2.772492456658935,111.30437718813332,-0.014167957595724548,-0.004484976897887056,0.07271724170957405,-7.457826861813621,7.1051488071005995,79.40496169929251
9.4925,-1.8455315802310677,-4.550678278844228,31.01433543721381,7.943644820743816,-2.8646688040270427,111.10600968410948,-0.014167957595724548,-0.004484976897887056,0.07271724170957405,-7.311647042171602,7.086071216986456,79.20651776064759
9.495,-1.970516551911394,-4.560683776234266,30.942589862138263,8.128517664339093,-2.831668177588533,111.42562013710071,-0.014167957595724548,-0.004484976897887056,0.07271724170957405,-7.191509855129623,7.1975826374730545,79.30719975835645
9.4975,-1.8867380217167715,-4.52558930334644,30.587433299675446,8.428128923500624,-2.7152015299476253,112.0361954679027,-0.014167957595724548,-0.004484976897887056,0.07271724170957405,-7.304213134727169,7.529869213564026,79.29841609224066
9.5,-2.3697389877408863,-4.759405112366039,30.982620021630282,8.450714290495503,-2.9071611175278567,111.71455155412202,-0.014167957595724548,-0.004484976897887056,0.07271724170957405,-7.025912306419491,7.3811999363676035,79.36175369695404
9.5025,-2.6685097614294007,-4.817788158499659,30.799155950435996,8.893904153984842,-2.8201986362135583,112.51691934893584,-0.014167957595724548,-0.004484976897887056,0.07271724170957405,-6.987948066609837,7.856586465768727,79.45898409491204
9.505,-2.683990339852367,-5.081882711121468,30.719447785161925,9.30678753783615,-2.957266323901406,112.29303035284886,-0.014167957595724548,-0.004484976897887056,0.07271724170957405,-7.122498656925439,7.991330413189768,79.40245946028152
9.5075,-2.4392105444258925,-6.822619560920247,34.7532916844591,7.32563929664793,-5.849064454580621,100.07090671283795,-0.014167957595724548,-0.004484976897887056,0.07271724170957405,-5.681643019378548,2.330556105283364,78.44026950669117
9.51,-2.791812576769649,-6.48612252155293,35.048035240891075,7.545544705942079,-5.452392044813713,102.29956169439274,-0.014167957595724548,-0.004484976897887056,0.07271724170957405,-5.498446566674786,2.8781667923107417,78.73969697967063
9.5125,-2.6143404768750442,-7.468836633001568,36.89632973400388,7.231307531232966,-6.8110233034871355,96.67949549186197,-0.014167957595724548,-0.004484976897887056,0.07271724170957405,-4.974735031569361,0.5936840351267295,78.47077665258388
9.515,-2.1085070962776906,-9.145403406680966,39.99909563109301,6.783425241633472,-9.059147694638396,87.53817641196213,-0.014167957595724548,-0.004484976897887056,0.07271724170957405,-4.396395163169877,-3.1215297014080003,78.16196042196171
9.5175,-1.8626630906428785,-11.837154221445536,43.61077822985448,7.70242688240942,-11.839274489379992,77.43435572709208,-0.014167957595724548,-0.004484976897887056,0.07271724170957405,-4.552759495286035,-6.283763310265273,78.07297370278788
9.52,-2.244910899975683,-15.204418689487252,47.87082055495705,9.199893182876389,-14.86961059717733,67.38767981307734,-0.014167957595724548,-0.004484976897887056,0.07271724170957405,-5.213778655675289,-8.87128557264622,78.24150528820084
9.5225,-3.289309798101945,-18.524003399358033,50.646134704283774,11.822885729041142,-17.71650520213987,58.77271490573301,-0.014167957595724548,-0.004484976897887056,0.07271724170957405,-5.838206378120673,-9.992079465544064,78.39977390806196
9.525,-4.673555126104497,-18.877971345544413,54.04700853840551,14.46856321167951,-24.30595310094876,51.51052862803828,-0.014167957595724548,-0.004484976897887056,0.07271724170957405,-7.172582267288102,-9.22473223832835,77.87557005045612
9.5275,-6.185379504462145,-19.12361045231912,55.8931694607019,17.90140942000835,-30.796805869724874,46.077834188822024,-0.014167957595724548,-0.004484976897887056,0.07271724170957405,-8.427194896087858,-7.021447627849246,78.22078536056198
9.53,-7.891414483208736,-19.71854189331915,60.2071580691327,19.13400548662559,-36.371780084278875,41.214803300967745,-0.014167957595724548,-0.004484976897887056,0.07271724170957405,-10.258563093401186,-5.27687081729598,76.88415114346098
9.5325,-9.104175540215198,-19.90021718585898,61.17683003164248,20.77515976435367,-39.95330303011584,38.36087791405512,-0.014167957595724548,-0.004484976897887056,0.07271724170957405,-11.220053119660104,-3.375635784593335,76.25678601568558
9.535,-9.19050624322475,-20.00000784000576,60.438662980782155,22.536023649274167,-41.15961791342009,36.77638906244435,-0.014167957595724548,-0.004484976897887056,0.07271724170957405,-11.158222173605365,-2.7896995696812232,77.45894004499226
9.5375,-10.66124743101474,-21.161850342909386,62.926078100115575,23.82868850015336,-41.54832298182271,37.671256757623084,-0.014167957595724548,-0.004484976897887056,0.07271724170957405,-12.591750480482517,-0.7546148159256238,76.9165936940187
9.54,-11.021687936554772,-21.711555794499183,63.88547253070246,23.937773859397268,-41.275883521649334,36.796888690351956,-0.014167957595724548,-0.004484976897887056,0.07271724170957405,-13.001768968876593,-0.7288455210991814,76.95813582428724
9.5425,-9.433795211466643,-22.14549620457363,65.75289091495368,23.051011871916604,-40.42361851539875,35.1500232622825,-0.014167957595724548,-0.004484976897887056,0.07271724170957405,-15.141899974621746,-2.0791189636457736,76.53019079802029
9.545,98.46483934131139,123.1055517968384,214.00174295814105,0.078745165779794,-0.13633507670760903,0.1838136840816489,-220.7612065565167,159.058309788442,627.4562235177674,39.13098860186875,-39.18629677520649,0.30767186422731285
9.5475,37.915409824674015,80.17805809239398,37.5392312757201,0.078745165779794,-0.13633507670760903,0.1838136840816489,80.0966330150784,65.15546944235493,211.18270527785816,-0.0043420145242789,-0.039938766918635196,0.24639012932481208
9.55,40.182295442989755,74.36986093971693,39.51141965808232,0.078745165779794,-0.13633507670760903,0.1838136840816489,33.14696362198413,97.33381546319676,286.06327786758646,-0.0043420145242789,-0.039938766918635196,0.24639012932481208
9.5525,25.54103161335732,57.66203732679117,60.84910053720611,0.078745165779794,-0.13633507670760903,0.1838136840816489,3.4207825812071135,15.570576167350252,155.68344085574287,-0.0043420145242789,-0.039938766918635196,0.24639012932481208
9.555,23.93678290863072,46.190266338207145,53.44540088740301,0.078745165779794,-0.13633507670760903,0.1838136840816489,-12.095206134480067,11.507851828117486,135.17939745472938,-0.0043420145242789,-0.039938766918635196,0.24639012932481208
9.5575,26.55968768492298,54.81067280478777,76.74605780400549,0.078745165779794,-0.13633507670760903,0.1838136840816489,-30.446648310269346,-4.168845354729137,143.84296737579288,-0.0043420145242789,-0.039938766918635196,0.24639012932481208
9.56,21.410984193247284,43.26943178860675,84.46921505456382,0.078745165779794,-0.13633507670760903,0.1838136840816489,-40.193345080728804,-26.602594290445563,106.45075705100872,-0.0043420145242789,-0.039938766918635196,0.24639012932481208
9.5625,19.594544093052043,40.464398285546906,92.80654958234665,0.078745165779794,-0.13633507670760903,0.1838136840816489,-47.35586236670355,-30.098966900280608,106.89555949951918,-0.0043420145242789,-0.039938766918635196,0.24639012932481208
9.565,20.43527080187504,41.97521878536511,95.21079850208856,0.078745165779794,-0.13633507670760903,0.1838136840816489,-50.453734915226065,-32.62113486004296,107.81015106885073,-0.0043420145242789,-0.039938766918635196,0.24639012932481208
9.5675,21.720944311255803,43.12360032672262,96.4137935994312,0.078745165779794,-0.13633507670760903,0.1838136840816489,-52.35700245964622,-35.29432147493121,107.95223658176054,-0.0043420145242789,-0.039938766918635196,0.24639012932481208
9.57,17.41055868864243,41.27614056618093,114.05646645867866,0.078745165779794,-0.13633507670760903,0.1838136840816489,-57.83220288743101,-41.66188733376328,108.56888033599587,-0.0043420145242789,-0.039938766918635196,0.24639012932481208
9.5725,26.762223122000766,47.11317637394669,83.68786800287675,0.078745165779794,-0.13633507670760903,0.1838136840816489,-51.58049550941213,-31.98106959937658,107.40804859208761,-0.0043420145242789,-0.039938766918635196,0.24639012932481208
9.575,29.250616398610905,50.839172970558906,91.36162839649224,0.078745165779794,-0.13633507670760903,0.1838136840816489,-54.26886328426134,-37.089282907104064,112.9755122051169,-0.0043420145242789,-0.039938766918635196,0.24639012932481208
9.5775,29.825042980821756,51.37562602382959,93.35874452723355,0.078745165779794,-0.13633507670760903,0.1838136840816489,-55.560026887044515,-38.474933804715825,113.25456252838205,-0.0043420145242789,-0.039938766918635196,0.24639012932481208
9.58,31.107149457296195,52.636567560884025,93.90814866486188,0.078745165779794,-0.13633507670760903,0.1838136840816489,-56.719701972262115,-39.24113125222549,114.95613678197019,-0.0043420145242789,-0.039938766918635196,0.24639012932481208
9.5825,31.465767467150098,52.766849601778596,93.7816779315524,0.078745165779794,-0.13633507670760903,0.1838136840816489,-56.71184395531997,-39.11435530358846,115.15730847533274,-0.0043420145242789,-0.039938766918635196,0.24639012932481208
9.585,31.678832239950296,53.10165793390237,94.18472071313231,0.078745165779794,-0.13633507670760903,0.1838136840816489,-56.8323409513926,-39.43659773798424,115.63080415885575,-0.0043420145242789,-0.039938766918635196,0.24639012932481208
9.5875,27.599905799743798,51.360620447972885,109.48191378842836,0.078745165779794,-0.13633507670760903,0.1838136840816489,-61.245035739271266,-44.474684609946266,116.49687638953976,-0.0043420145242789,-0.039938766918635196,0.24639012932481208
9.59,31.187644749102347,48.98892226330565,83.97367916684698,0.078745165779794,-0.13633507670760903,0.1838136840816489,-52.021770700353905,-30.771009339619315,114.05648694534709,-0.0043420145242789,-0.039938766918635196,0.24639012932481208
9.5925,31.10583529303492,52.37351879134123,90.73184059906984,0.078745165779794,-0.13633507670760903,0.1838136840816489,-53.148521690358635,-35.798213566815704,116.44812972974987,-0.0043420145242789,-0.039938766918635196,0.24639012932481208
9.595,32.14415783969798,53.316443279593834,91.70717412429427,0.078745165779794,-0.13633507670760903,0.1838136840816489,-53.95399682538221,-35.540200543593144,120.3393667860447,-0.0043420145242789,-0.039938766918635196,0.24639012932481208
9.5975,32.19085127097422,53.56172950340932,92.44233396302283,0.078745165779794,-0.13633507670760903,0.1838136840816489,-54.16309504349716,-36.56371102749342,119.82545806370806,-0.0043420145242789,-0.039938766918635196,0.24639012932481208
9.6,32.28991177532081,53.5416982897844,92.3437463983589,0.078745165779794,-0.13633507670760903,0.1838136840816489,-54.11199507983538,-36.548729505200775,119.98991064836645,-0.0043420145242789,-0.039938766918635196,0.24639012932481208
9.6025,32.379003300627616,54.10027685596482,93.37936223600472,0.078745165779794,-0.13633507670760903,0.1838136840816489,-54.547819355956236,-37.71550717937175,120.78518569762238,-0.0043420145242789,-0.039938766918635196,0.24639012932481208
9.605,32.42724728169303,-32.09559319264079,34.8544632170041,0.078745165779794,-0.13633507670760903,0.1838136840816489,38.99196199144479,-72.11645401420408,28.736054363656542,81.2815098125253,-80.82328614347547,294.13986847786526
9.6075,37.08295132167756,-10.186454714823581,50.74195671317661,0.078745165779794,-0.13633507670760903,0.1838136840816489,8.445583113182616,-41.24843308380108,54.213314040624056,12.893608408625912,-1.2683433351908489,71.5938012839141
9.61,40.488382957826026,21.70790456458881,53.10219747835836,0.078745165779794,-0.13633507670760903,0.1838136840816489,-9.238856373448343,-40.11195761031959,77.01652368828503,19.416500529756227,-11.920380567461681,69.50707613503725
9.6125,38.24331595547012,33.21404672442549,62.26707421946183,0.078745165779794,-0.13633507670760903,0.1838136840816489,-22.08402823769941,-36.66020138462427,94.36698493942822,17.304671275545694,-11.491812263996428,54.29720281924962
9.615,28.75339249848131,29.78620630520271,84.00876760615147,0.078745165779794,-0.13633507670760903,0.1838136840816489,-29.188770595748412,-35.07208519287603,100.96346674563365,9.227819000669745,-8.058954217147221,40.20251127408702
9.6175,31.98167709359619,35.474987645026665,69.43456447833911,0.078745165779794,-0.13633507670760903,0.1838136840816489,-27.76929702860658,-31.535206003123733,102.87089437944863,9.041978213370799,-5.7851143138915155,36.19072623278288
9.62,29.71934814360662,33.95115319351698,78.443417529231,0.078745165779794,-0.13633507670760903,0.1838136840816489,-29.442921989860906,-31.339742756748347,106.17353522135039,6.436014901649248,-5.17816978914416,32.04489758095829
9.6225,27.557358182366755,33.844854944946775,81.59074704321301,0.078745165779794,-0.13633507670760903,0.1838136840816489,-30.756490335000233,-30.832738613187576,107.9009627156938,6.5075343386913485,-4.747722938913012,29.195512661674734
9.625,25.835038013134355,33.594989906621414,83.00142523970872,0.078745165779794,-0.13633507670760903,0.1838136840816489,-31.293994099435263,-30.34612040282022,108.45885560249471,6.7073499874382945,-4.3496294328457665,27.381116719527327
9.6275,24.50741482090332,33.51410534468193,84.27191402964829,0.078745165779794,-0.13633507670760903,0.1838136840816489,-31.649153729527274,-29.91343308639516,109.27799794396854,6.9105332166721976,-4.05674661353793,26.11233837358867
9.63,23.384620660289226,32.73982417352502,84.69065881179912,0.078745165779794,-0.13633507670760903,0.1838136840816489,-31.436235831359998,-29.675392054369684,108.93310401322343,7.102976994432811,-3.8426800023345113,25.516247292335983
9.6325,22.587362500865538,32.53143419210718,85.02214727440814,0.078745165779794,-0.13633507670760903,0.1838136840816489,-31.148542917752213,-29.262837770704266,109.61321162597106,7.303429072811242,-3.533068862518473,25.05193184624148
9.635,16.88161311307293,27.909104310608395,96.65761235992953,0.078745165779794,-0.13633507670760903,0.1838136840816489,-32.3258545789941,-29.90052349507307,108.75415894591069,5.938359982400645,-3.079270501881246,23.17477851370488
9.6375,23.17375244306006,33.439211787102316,77.29690946664907,0.078745165779794,-0.13633507670760903,0.1838136840816489,-28.184112354548226,-27.296584658305232,108.74009280044636,7.706253117604713,-1.979331614781398,25.39654272329836
9.64,25.156270353235538,45.40850579028881,84.6621398836987,0.078745165779794,-0.13633507670760903,0.1838136840816489,-30.767599171782695,-21.694733658639496,136.14460122339216,8.817023521785192,1.3371520005965478,19.55580611190411
9.6425,18.98060970589241,22.944098772147655,82.09224209226988,0.078745165779794,-0.13633507670760903,0.1838136840816489,-24.926245584389267,-31.505853708216996,90.87503035761442,6.9984908649699635,-4.613109156124308,29.609750216521242
9.645,18.726112212230955,25.213739391803056,84.15745767479022,0.078745165779794,-0.13633507670760903,0.1838136840816489,-26.30616321708677,-29.94376952379181,101.06559510472198,7.648606594682673,-3.4704458997865832,29.38187991998649
9.6475,21.05135868860394,40.02584566200727,86.80207247458675,0.078745165779794,-0.13633507670760903,0.1838136840816489,-29.00291631607125,-22.788080733286705,130.29161445544236,9.694141763914697,0.914598644904455,21.680789836557715
9.65,16.47070767616445,19.960829981127553,83.08383480971203,0.078745165779794,-0.13633507670760903,0.1838136840816489,-23.14274173417466,-31.287555398511284,89.68287949418581,7.137725764478987,-4.028371678063133,30.584907134787073
9.6525,18.492661329697267,35.62414051759367,87.11035313147742,0.078745165779794,-0.13633507670760903,0.1838136840816489,-27.161386829240925,-23.599051824447212,124.32101256879406,9.495165074308808,0.8982809708325608,23.05880018795672
9.655,14.748751871166315,18.139181768267733,83.58884677443567,0.078745165779794,-0.13633507670760903,0.1838136840816489,-21.816756905852127,-31.019415668673755,89.44180892203805,7.302029768596436,-3.3698802730307085,31.027664456579643
9.6575,14.860160051473162,21.70635167201728,84.64210341236807,0.078745165779794,-0.13633507670760903,0.1838136840816489,-22.749740961114004,-28.78688855126639,100.42910950479069,8.170457351029139,-1.785305627343292,29.4683764945391
9.66,14.694406103805083,23.71466859957047,85.15962152293241,0.078745165779794,-0.13633507670760903,0.1838136840816489,-22.670229136607105,-27.39895418612649,105.64258027049227,8.715655929485154,-0.8421927992039775,27.60427596424728
9.6625,14.364789579131338,24.69727851017377,84.74164747381381,0.078745165779794,-0.13633507670760903,0.1838136840816489,-22.13913565882496,-26.367240320185743,108.451517448667,9.109146951375763,-0.024166170248639755,26.343003949439343
9.665,13.513446778351389,24.344330738802753,85.07657400880436,0.078745165779794,-0.13633507670760903,0.1838136840816489,-21.448121078757655,-25.866852031118537,108.91131407604345,9.175092298348334,0.46986683451082006,25.780235068262854
9.6675,15.052008494167259,36.68693901653227,87.52833174698974,0.078745165779794,-0.13633507670760903,0.1838136840816489,-23.512729145113976,-19.545519527228212,133.68044915989864,10.9903373504948,4.395981022883433,19.433003247027465
9.67,10.335083774444227,16.7677345729124,83.99474866069258,0.078745165779794,-0.13633507670760903,0.1838136840816489,-17.96848509003824,-27.99779076500956,93.69567997756944,8.084280443586138,-0.2874222062446081,27.850161526761433
9.6725,10.236014806722274,18.822247924264445,85.08718731430997,0.078745165779794,-0.13633507670760903,0.1838136840816489,-18.589579734682367,-26.468235216633193,102.56390606422178,8.815024061990522,0.8865171397520922,27.730373521289422
9.675,9.940215684101714,20.19935426918886,85.59622163174355,0.078745165779794,-0.13633507670760903,0.1838136840816489,-18.2784189459293,-25.313344646435958,106.61339995400292,9.253923407673355,1.7269035530493486,26.441990206285347
9.6775,9.422268217564394,20.938823385442866,85.67048588491348,0.078745165779794,-0.13633507670760903,0.1838136840816489,-17.772702697163467,-24.451117230722243,108.84847492007265,9.540721348890285,2.378327630288856,25.500034847700235
9.68,8.745042158540139,20.42522472442769,85.41792616069458,0.078745165779794,-0.13633507670760903,0.1838136840816489,-17.014138531400874,-23.95155005616261,109.57510062149206,9.70032853776533,2.961885234399203,24.89122462953567
9.6825,7.90182143168882,19.80743175734682,85.76899635722017,0.078745165779794,-0.13633507670760903,0.1838136840816489,-16.347912402367914,-23.596661857514313,109.60316909347799,9.726091918275424,3.297979556197952,24.677932366044843
9.685,7.156138739835467,19.48001450038984,85.6451676275934,0.078745165779794,-0.13633507670760903,0.1838136840816489,-15.618873738662886,-23.025787132473575,110.43792962501297,9.89334369834538,3.832414657501367,24.281042757053534
9.6875,6.30586676713303,18.92570594519454,86.11377455940874,0.078745165779794,-0.13633507670760903,0.1838136840816489,-14.956021426099523,-22.605966346562052,110.63345066675912,9.847234852415585,4.227218697633665,23.97671003285123
9.69,5.4821046253116,18.067919719775634,86.02449734366647,0.078745165779794,-0.13633507670760903,0.1838136840816489,-14.214692182953522,-22.295663800548287,110.35828638829447,9.928171750777157,4.566763833925676,23.887992044793876
9.6925,4.632654675836451,17.250337053666343,86.09861500156693,0.078745165779794,-0.13633507670760903,0.1838136840816489,-13.404250731393043,-21.938383739167886,110.39182379444374,10.01104153451369,4.956155497596208,23.80381114489147
9.695,3.728498348695797,16.40091948511759,86.48313788065708,0.078745165779794,-0.13633507670760903,0.1838136840816489,-12.680881801537478,-21.633500422011693,110.1822008286092,10.017319688268374,5.275155281016893,23.762054990828837
9.6975,2.985254452919586,15.755341163999766,86.44435395090676,0.078745165779794,-0.13633507670760903,0.1838136840816489,-11.974670398290337,-21.261181729739207,110.21808902938962,10.114973529502882,5.609094304971338,23.68811247755459
9.7,2.1454283709139474,14.962703240042917,86.58974516980554,0.078745165779794,-0.13633507670760903,0.1838136840816489,-11.200267855988331,-20.87955737475668,110.09969735376667,10.110555726543888,5.988554707519475,23.50163030875091
9.7025,1.385511170368,14.457178158754374,86.48152548699508,0.078745165779794,-0.13633507670760903,0.1838136840816489,-10.451102119824458,-20.411658329872107,110.53635093435918,10.26057866022727,6.413033799837107,23.312814075328113
9.705,0.5085094153317008,13.602765822528001,86.91380886778136,0.078745165779794,-0.13633507670760903,0.1838136840816489,-9.770340125678919,-20.120161296531307,110.45173319468816,10.28048651299604,6.718678360096741,23.22200136151759
9.7075,-0.2179097517688078,12.890980544407304,86.75675873857051,0.078745165779794,-0.13633507670760903,0.1838136840816489,-8.934968627174978,-19.77225424503969,110.22006892592215,10.369226213180102,7.032055459871922,23.326322834078432
9.71,-1.106684868530945,11.960499276613133,86.89698802934956,0.078745165779794,-0.13633507670760903,0.1838136840816489,-8.204483395743011,-19.484033409167356,109.74959324424702,10.413617712542916,7.31771056658555,23.290257127316465
9.7125,-1.8387240217141347,11.476924236701395,87.03972787833847,0.078745165779794,-0.13633507670760903,0.1838136840816489,-7.575749024692039,-19.018247391622275,110.39707070952628,10.517776704858298,7.727436859174224,22.9812108278143
9.715,-2.3401945266728132,10.718810406451563,87.26923550778265,0.078745165779794,-0.13633507670760903,0.1838136840816489,-6.956394413082462,-18.728048784145187,110.06966222805075,10.294707468249143,7.9579191409464896,22.830745607030146
9.7175,-0.3446245017944097,24.488862297555904,89.69989331026395,0.078745165779794,-0.13633507670760903,0.1838136840816489,-8.777191076403275,-11.482011047764805,138.69143143325272,12.977230666158357,12.164096060792293,16.92775999070281
9.72,-5.73474137214788,1.984538535967494,85.5990907579873,0.078745165779794,-0.13633507670760903,0.1838136840816489,-3.3416121859123535,-21.281379155984173,91.27332732295838,8.766667764102479,6.910404355432675,25.16022064542058
9.7225,-5.704004049654046,4.084962663137963,87.3515102894802,0.078745165779794,-0.13633507670760903,0.1838136840816489,-4.185605375322477,-19.8840085001458,101.20101766914867,9.635607078674708,7.851292779434103,25.811220698434397
9.725,-5.929081127117572,5.5319153384848585,88.00016192352433,0.078745165779794,-0.13633507670760903,0.1838136840816489,-3.925471512101758,-18.62841162447948,105.80819834013069,10.075810899849474,8.64717996698438,24.352568169678698
9.7275,-6.279823731864075,6.317693981236405,87.90116022510372,0.078745165779794,-0.13633507670760903,0.1838136840816489,-3.4064272294240032,-17.641230587583358,108.21791246810312,10.362781287305808,9.331827491200901,23.341959555572494
9.73,-6.716073273660457,6.401401967958438,87.5932355631166,0.078745165779794,-0.13633507670760903,0.1838136840816489,-2.604277111841542,-17.11436929652011,109.35884297977377,10.707076023608792,9.7178688151773,23.274881817581658
9.7325,-7.5076780616178,6.0626279788074315,87.91707208919105,0.078745165779794,-0.13633507670760903,0.1838136840816489,-2.078007263291701,-16.577670642980884,109.95073795417949,10.708394772551628,10.181396571426024,22.55357034432361
9.735,-8.212458680074677,5.5322394083861735,87.7868085144168,0.078745165779794,-0.13633507670760903,0.1838136840816489,-1.3568026429307625,-16.18152357065251,109.8671812426416,10.813991733666656,10.530775654845542,22.489408079701448
9.7375,-9.020974545780492,4.698084993038765,88.25036271483037,0.078745165779794,-0.13633507670760903,0.1838136840816489,-0.7592459074818331,-15.904582578941351,109.82494873687662,10.801338979086339,10.849157370250008,22.3713662779422
9.74,-9.694389404295768,4.415813916207473,88.02988144824967,0.078745165779794,-0.13633507670760903,0.1838136840816489,-0.15328453986223506,-15.386874062598782,110.29371516591948,10.92239974385172,11.272592630195215,21.976541904371807
9.7425,-10.408892061126961,3.849545959192632,88.77661303735293,0.078745165779794,-0.13633507670760903,0.1838136840816489,-0.13649224127349718,-15.23275199454133,110.14228607352149,10.944720395440433,11.31306857704344,21.603434956836125
9.745,-10.952321242221037,3.121144838356121,88.6367243264818,0.078745165779794,-0.13633507670760903,0.1838136840816489,0.8766205491541962,-14.777849055291323,110.10716989413322,10.625621287651555,11.816481716588003,21.5649416186862
9.7475,-10.826159333901284,3.3919722147004157,88.84424633194962,0.078745165779794,-0.13633507670760903,0.1838136840816489,0.2585871600297599,-14.583106422336806,110.34723457744388,10.51379310744606,11.63366796790101,20.999293912602575
9.75,-11.054579427260437,2.9408090004110616,89.54126731424032,0.078745165779794,-0.13633507670760903,0.1838136840816489,0.39358603137305564,-14.427353436564662,110.43895486261724,10.26471645878789,11.655989165190892,20.7177020323091
9.7525,-11.303377163121294,2.332140520413504,88.87916945068386,0.078745165779794,-0.13633507670760903,0.1838136840816489,1.6730169757962599,-13.957705064905012,110.34563242299706,10.024291609616174,12.121898295629075,20.904350887656364
9.755,-10.65989704441594,3.030660608955598,89.75119761947106,0.078745165779794,-0.13633507670760903,0.1838136840816489,0.10247319254776582,-14.027974041833781,110.64829394171694,9.739557629247448,11.522265188180235,20.269115073329246
9.7575,-8.13066116665843,14.421608356129235,92.08121676170408,0.078745165779794,-0.13633507670760903,0.1838136840816489,0.5184391419795853,-2.738482106771561,138.7140520572211,10.505275146359649,13.73225324632059,14.082398853444063
9.76,-12.064930327445431,-3.501429115076029,88.58935032576312,0.078745165779794,-0.13633507670760903,0.1838136840816489,-0.4010172727543386,-16.798220890774093,91.47473521967044,9.4789742234606,7.943133927321916,22.73517419525804
9.7625,-11.087963491828106,-1.8835760132254584,89.52980990044693,0.078745165779794,-0.13633507670760903,0.1838136840816489,0.6798747286920624,-15.42304295946883,100.88647473174139,9.017171219467528,9.226402524110592,23.78327020611541
9.765,-9.544315439882453,0.6153673609006173,90.0323320202954,0.078745165779794,-0.13633507670760903,0.1838136840816489,-0.2872195001900504,-14.374522260535702,105.57381179691326,8.752803170352971,9.509725708285341,22.251077575364775
9.7675,-8.709044522823937,1.7588739615246503,89.91532165366809,0.078745165779794,-0.13633507670760903,0.1838136840816489,-0.06597119552060852,-13.635511400946701,107.895570071443,8.408924561193162,9.80768547971981,21.326417288283565
9.77,-8.098440989413827,2.5794520006537733,89.8216962279913,0.078745165779794,-0.13633507670760903,0.1838136840816489,-0.05164571047726956,-13.09631929518876,109.51766492911513,8.287797741000325,9.986925062627309,20.74522593407559
9.7725,-7.466321917970749,3.166504998025575,90.10296826464901,0.078745165779794,-0.13633507670760903,0.1838136840816489,-0.772782388533257,-13.045764560671959,109.7057155794197,8.119752241971865,9.57884130002354,20.37485840339494
9.775,-6.9092674515273735,3.530314708075703,90.30646223157079,0.078745165779794,-0.13633507670760903,0.1838136840816489,-1.2626349726285224,-13.015615810474051,109.70034998646594,7.9408743634242365,9.220603642224704,20.17670642200754
9.7775,-6.8396140246316905,3.2988177974061883,90.14080449586602,0.078745165779794,-0.13633507670760903,0.1838136840816489,-0.37615638915284855,-12.64429680389837,110.30488021266896,7.620582910914867,9.55442293397415,20.12057420427933
9.78,-6.349091607677547,3.636738526128439,90.10046511162325,0.078745165779794,-0.13633507670760903,0.1838136840816489,-0.9424482990596383,-12.583516058899432,110.31374620635424,7.461624752921785,9.266016168796483,19.87846771980847
9.7825,-6.645932558373315,3.107152989943512,89.90267345868857,0.078745165779794,-0.13633507670760903,0.1838136840816489,0.5993164238306713,-12.03018012160028,111.1692898196254,7.078811163938631,9.997579488653166,19.891317632121414
9.785,-6.50161381226792,2.86831601758966,90.60654722774669,0.078745165779794,-0.13633507670760903,0.1838136840816489,-0.5164981781464291,-12.345490331126799,109.87914680756704,6.907433594666354,9.3925734355171,19.73586412599093
9.7875,-6.361665118389934,2.8270944845802037,90.3604174520891,0.078745165779794,-0.13633507670760903,0.1838136840816489,-0.010481661657598338,-12.016965189605683,110.22357042981517,6.673591987006024,9.616786606179238,19.701670417005886
9.79,-5.736598979054697,3.200213596491192,90.7203990271072,0.078745165779794,-0.13633507670760903,0.1838136840816489,-0.884597656776319,-12.14252743500679,109.99543733201713,6.33094497015642,9.110146591982105,19.44208484964038
9.7925,-5.503737983356677,3.105434590967776,91.00612503965364,0.078745165779794,-0.13633507670760903,0.1838136840816489,-0.9047582589714764,-12.108326342825421,109.88555990014434,6.131672810485371,8.954869147408868,19.356097410105185
9.795,-5.586713160069228,2.591652662565391,90.7313957834532,0.078745165779794,-0.13633507670760903,0.1838136840816489,0.08050350887714564,-11.78633535691219,109.93994650625797,5.856203754805529,9.339286082048977,19.558891030880133
9.7975,-4.532756818517554,3.4943004623406635,90.9236572867017,0.078745165779794,-0.13633507670760903,0.1838136840816489,-1.554288400520163,-11.966761842321088,109.72375403101358,5.5749375717226854,8.551832886294884,19.126507831347396
9.8,-4.371770276759176,3.4121421735124957,91.26316753840536,0.078745165779794,-0.13633507670760903,0.1838136840816489,-1.1788083463476648,-11.829508803952358,110.04426585513293,5.397870460032203,8.559386420129195,19.067182055185384
9.8025,-4.089193056918141,3.1823287982706367,91.05281255577677,0.078745165779794,-0.13633507670760903,0.1838136840816489,-0.8651990429437947,-11.708202106651656,109.72975685150102,5.016237763799008,8.58097399124955,19.187235699735524
9.805,-4.449651179141493,2.5480760274465033,90.41477418914846,0.078745165779794,-0.13633507670760903,0.1838136840816489,0.848828128135793,-11.135984563278837,110.26487452503616,4.79250724388867,9.390828952302972,19.430634578191594
9.8075,-4.661943321369365,2.2047909843888314,91.35500735809376,0.078745165779794,-0.13633507670760903,0.1838136840816489,0.27433119514652426,-11.254033995823153,109.81371109469902,4.599345093094959,9.15130605300746,19.178707262320074
9.81,-4.741383694160895,2.0615273700463916,91.05356599318701,0.078745165779794,-0.13633507670760903,0.1838136840816489,0.950469696560582,-10.864130458085244,110.30846704768969,4.347384212849197,9.55557266526065,19.014869019353775
9.8125,-13.093039661668245,-5.452242507630818,113.57661856749084,0.078745165779794,-0.13633507670760903,0.1838136840816489,-1.11118169479324,-12.641501629159547,110.34341751709853,2.2029345752756675,9.751254581529107,16.208342363687144
9.815,-2.1837789946590185,6.60660936285577,77.92421662950858,0.078745165779794,-0.13633507670760903,0.1838136840816489,0.037453369016061284,-8.912128703681368,107.57703483768333,4.5655512163505225,10.14587025354812,18.321591858473035
9.8175,-1.7152418452175424,3.8773935731659024,86.63504499811638,0.078745165779794,-0.13633507670760903,0.1838136840816489,1.307604070054115,-10.618670608747687,108.87753275919728,4.517341952658316,8.680909195397291,20.237187237906838
9.82,-2.0230420546974144,2.529861330260774,89.44661223968426,0.078745165779794,-0.13633507670760903,0.1838136840816489,1.4468291966400346,-10.790330562975436,109.52182672592423,3.3707299360198193,8.788414451853477,20.02432434310984
9.8225,-2.528523537280104,1.8530579686046316,90.53504934653056,0.078745165779794,-0.13633507670760903,0.1838136840816489,1.4852142061503444,-10.781224048586722,109.24493080958652,3.037718437095475,8.853690115891478,19.782585823904462
9.825,-3.1278596010208446,1.266110148714721,91.05070575240634,0.078745165779794,-0.13633507670760903,0.1838136840816489,2.0576698496892143,-10.508248133773648,109.55319726711302,2.742367793310945,9.282609907353224,19.464666711550926
9.8275,-3.7299926720703533,0.8270489500312522,91.36864509341206,0.078745165779794,-0.13633507670760903,0.1838136840816489,2.3856460964611785,-10.250787440064917,109.73732483315837,2.577748054770956,9.62260346287964,19.023956660441456
9.83,-4.123625334216837,0.3356156538743786,91.92680818768785,0.078745165779794,-0.13633507670760903,0.1838136840816489,2.403546446799054,-10.21408505231708,109.32337277821655,2.273090026121668,9.668034409800008,18.75661411023068
9.8325,-4.282305989602066,0.1592958449165423,92.20493999930528,0.078745165779794,-0.13633507670760903,0.1838136840816489,2.4070177734774334,-10.042176137364226,109.4582086679348,2.0299063977565237,9.794616413729683,18.36199911815477
9.835,-4.125196406530699,0.09570158140710286,92.14825270949368,0.078745165779794,-0.13633507670760903,0.1838136840816489,2.3945819687696117,-9.948339901844722,109.14076353079967,1.701999436224223,9.761394726621875,18.21408824078587
9.8375,-4.5505553488699455,-0.36617144328154017,92.73572475726506,0.078745165779794,-0.13633507670760903,0.1838136840816489,2.940711989926566,-9.743808903251475,109.51247951101675,1.5233019992809906,10.03004150187093,17.982644761468144
9.84,-4.777577865933628,-0.830574787940248,92.67627199776645,0.078745165779794,-0.13633507670760903,0.1838136840816489,3.553397139953689,-9.496088453207435,109.55368044431182,1.2274940843567168,10.357797761881438,17.892593250244417
9.8425,-4.751660082493847,-0.8224209706011211,92.745483232849,0.078745165779794,-0.13633507670760903,0.1838136840816489,3.5014803001794377,-9.35088098772939,109.48585956399101,0.9843428878885092,10.384264165215177,17.668864824536577
9.845,-4.735516150233274,-1.1237441200643625,92.87235451458899,0.078745165779794,-0.13633507670760903,0.1838136840816489,3.816113053783297,-9.259710090969921,109.30079522910168,0.7015584701945942,10.434976085615885,17.65852180234448
9.8475,-4.7137463258688905,-1.2454624716798854,93.45861036797771,0.078745165779794,-0.13633507670760903,0.1838136840816489,3.5627390899838645,-9.261607322080735,109.20865493753969,0.43155522516618605,10.306791350336036,17.43158401141345
9.85,-4.278024630352494,-1.0716687468187611,93.73656252248922,0.078745165779794,-0.13633507670760903,0.1838136840816489,3.1818297745415207,-9.258966563914317,109.07670905697196,0.026744683702245278,10.087347451167158,17.251869166272577
9.8525,-4.387579088468102,-1.5744015202741877,93.57013375951617,0.078745165779794,-0.13633507670760903,0.1838136840816489,4.079599860545661,-9.010268439526538,109.1859577647575,-0.18493048528335743,10.374868214295752,17.29309101074177
9.855,-4.147071140950154,-1.5952091665153652,93.30712292271946,0.078745165779794,-0.13633507670760903,0.1838136840816489,4.211433846552135,-8.805508344214203,109.23445677338142,-0.4350394871940741,10.431896287779507,17.21591061535596
9.8575,-3.833618456490079,-1.5185589022740307,93.788374672483,0.078745165779794,-0.13633507670760903,0.1838136840816489,3.9739652974473545,-8.770348572258783,109.39522352402487,-0.797411196153643,10.295372873994596,17.022416638474198
9.86,-3.5897366971689038,-1.7218662391629578,93.60120614599613,0.078745165779794,-0.13633507670760903,0.1838136840816489,4.296720821249376,-8.640796798983727,109.22622330133999,-1.1145319654932666,10.302021505895338,17.027624510867987
9.8625,-3.6543442658210834,-2.0768705086809454,93.74499979874795,0.078745165779794,-0.13633507670760903,0.1838136840816489,4.680999844886658,-8.366771724899518,109.17341425663604,-1.3181148777956095,10.281514187587241,17.005878215786737
9.865,-3.4576398986097083,-2.1156970131354393,93.71377457928122,0.078745165779794,-0.13633507670760903,0.1838136840816489,4.86377866414428,-8.036688745277038,109.44212783939422,-1.6205509465352672,10.25969898396962,16.881726592834973
9.8675,-3.1441422479197825,-2.222540338489838,93.60832532151993,0.078745165779794,-0.13633507670760903,0.1838136840816489,4.925137805575087,-8.042859606542432,109.0364206291241,-1.9397094811256599,10.245959479160783,16.93015397227837
9.87,-2.871568739790717,-2.2548615128355705,93.93506213457835,0.078745165779794,-0.13633507670760903,0.1838136840816489,4.873259379579255,-7.998959761234307,109.18413140865123,-2.2807831492894803,10.190883898506316,16.79377966368979
9.8725,-10.116110249262343,-8.639387455391407,113.98588718696826,0.078745165779794,-0.13633507670760903,0.1838136840816489,3.2560941371481142,-8.926971253256498,109.24640747470876,-3.1304943591221455,9.661019977450206,14.952024617676217
9.875,-0.6291103624168803,2.3510043541136443,80.42941663319075,0.078745165779794,-0.13633507670760903,0.1838136840816489,4.694255961926253,-5.84659187858484,106.90112489400244,-1.690883620737927,10.926706649018781,16.616049068528895
9.8775,0.08977847888232306,0.08137889679600928,89.57119337069132,0.078745165779794,-0.13633507670760903,0.1838136840816489,5.0752179210194965,-7.622893528060436,108.35547845472348,-1.6606528928081437,9.214173652151242,18.027248188473422
9.88,-0.2488304191903428,-1.5301881858267765,92.33907174102559,0.078745165779794,-0.13633507670760903,0.1838136840816489,5.530108824775166,-7.775011487992256,108.71678165397718,-2.88183035764535,9.374489253230275,17.94367564193297
9.8825,-0.22568103143494594,-1.9067283480931945,92.91469173927082,0.078745165779794,-0.13633507670760903,0.1838136840816489,5.692714689642771,-7.5283992470287755,109.01593750500416,-3.6878637315441023,9.637366978323499,17.517254922856672
9.885,-0.5118457432400825,-2.442761459531721,93.56683254718276,0.078745165779794,-0.13633507670760903,0.1838136840816489,5.860613881677936,-7.439307041631855,108.94788779834813,-4.003972929266509,9.71850871366849,17.26385981877005
9.8875,-0.7884601302058697,-2.7409324672058277,94.1937014608884,0.078745165779794,-0.13633507670760903,0.1838136840816489,5.738089899572104,-7.368828332688728,108.80559730854047,-4.267033704058288,9.697055266219689,16.88876871865525
9.89,-1.0211441013094023,-3.0584203216078203,94.22691577572753,0.078745165779794,-0.13633507670760903,0.1838136840816489,6.143992721592483,-7.066294473616924,108.77092446909332,-4.486177838608329,9.853617173363343,16.69672739227898
9.8925,-0.9417587887816697,-3.0714357971296775,94.52938688268348,0.078745165779794,-0.13633507670760903,0.1838136840816489,5.9820307269268,-6.849845177377659,108.95857407646378,-4.824965132753856,9.814253495383644,16.35648689211766
9.895,-0.8744348004191007,-3.2035306486142354,94.94826063238469,0.078745165779794,-0.13633507670760903,0.1838136840816489,5.834267856049761,-6.81962615203276,108.825358383672,-5.09561298172515,9.69960828162065,16.097978535418015
9.8975,-0.9217743066186934,-3.6679395583589387,94.81380068382198,0.078745165779794,-0.13633507670760903,0.1838136840816489,6.552510402002459,-6.124325654319374,108.94962950516461,-5.4641217515148055,9.65652769315793,16.07111518093778
9.9,-0.9077985201715715,-3.904659870082747,94.95812423023938,0.078745165779794,-0.13633507670760903,0.1838136840816489,6.6789091339089675,-5.768359213401073,108.99510284684575,-5.743120099258462,9.593859729924047,15.871719938447074
9.9025,-0.6993111987860448,-3.5801050822137603,95.28637694387075,0.078745165779794,-0.13633507670760903,0.1838136840816489,6.241876838501699,-5.775222353809892,109.25764694415108,-5.919511910736079,9.519711211166994,15.452485998806006
9.905,-0.49225715107917173,-3.965167072234123,95.18883140720752,0.078745165779794,-0.13633507670760903,0.1838136840816489,6.615017918726831,-5.711900249927544,108.71572404867875,-6.305480337098682,9.481471774593558,15.622180226889066
9.9075,-0.476594492276419,-4.141896615266653,95.41162824414,0.078745165779794,-0.13633507670760903,0.1838136840816489,6.982279803670314,-5.1176445363518654,109.31428094344086,-6.547657677763655,9.420054238639585,15.429712505789999
9.91,-0.34224314848745085,-4.49848671834944,95.4145127439325,0.078745165779794,-0.13633507670760903,0.1838136840816489,7.134079667277016,-5.032035619748699,108.86972984768292,-6.9264021189731,9.37566074329328,15.438962309323037
9.9125,0.05494070527009663,-4.262795340260202,95.44645198615613,0.078745165779794,-0.13633507670760903,0.1838136840816489,6.9191299009318294,-4.980368367398858,109.05206732994962,-7.198251705028098,9.329476730259929,15.212771548339555
9.915,0.4095515548046608,-4.058982961275691,95.66422729232865,0.078745165779794,-0.13633507670760903,0.1838136840816489,6.715692645559698,-5.086589457482064,109.13114072228109,-7.442285017679646,9.266347992186413,15.040873783910763
9.9175,0.3290424906007925,-4.795444869452878,95.48429383253624,0.078745165779794,-0.13633507670760903,0.1838136840816489,7.698930316993064,-4.497474390955677,108.94475895723525,-7.732298643588505,9.21193085167057,15.310307764971819
9.92,1.1608744928925436,-3.8123030286217165,95.98376418227024,0.078745165779794,-0.13633507670760903,0.1838136840816489,6.198987321486489,-4.936912736835778,109.27676968123623,-8.019130235188436,8.976895930628075,14.719118203019873
9.9225,1.2810170033567234,-4.311194173080627,95.7723469124912,0.078745165779794,-0.13633507670760903,0.1838136840816489,6.97725529854537,-4.837250754146299,108.7696831387488,-8.290692554476164,9.028157042651209,14.990597395959933
9.925,1.181090816379483,-4.713369538432143,95.86487125685527,0.078745165779794,-0.13633507670760903,0.1838136840816489,7.4001829011129425,-4.596335466875782,108.77811462450669,-8.422353933265507,9.059816324294708,15.035547212549274
9.9275,1.2868348401932488,-4.878087031425221,95.82629050307442,0.078745165779794,-0.13633507670760903,0.1838136840816489,7.448187746343326,-4.516859684739799,108.54410198932875,-8.627001694469051,9.066916258736818,15.048350072735646
9.93,1.3217658442784634,-5.079594281833183,96.07282971847526,0.078745165779794,-0.13633507670760903,0.1838136840816489,7.647052133551938,-4.253902365329873,108.75102713371187,-8.817343224972227,9.013058669324845,14.968992157738322
9.9325,1.4439684746868293,-4.8619637267676215,95.99036904834179,0.078745165779794,-0.13633507670760903,0.1838136840816489,7.701250303612722,-3.802241897419389,109.44354785142991,-8.853467226456878,8.923573161043388,14.63219850467644
9.935,1.883101455158713,-4.290556385845679,96.43691651029384,0.078745165779794,-0.13633507670760903,0.1838136840816489,6.676090256668168,-4.173000595206516,109.33822535231461,-8.868471518894607,8.674804855247332,14.291517845932107
9.9375,1.5013447568219118,-4.997410903900723,95.93298869536576,0.078745165779794,-0.13633507670760903,0.1838136840816489,7.811860799132441,-3.855228921234565,108.71320345364823,-8.791460543212944,8.794602659022933,14.636321975447602
9.94,1.2075916599519296,-5.611391340703883,96.0937201013308,0.078745165779794,-0.13633507670760903,0.1838136840816489,8.314520173918138,-3.6240257678624674,108.61556054052666,-8.850426891169962,8.852942235018087,14.934550792668121
9.9425,1.1065661516785394,-5.5588739751315055,96.2043160028024,0.078745165779794,-0.13633507670760903,0.1838136840816489,8.056789511889527,-3.5623080226711945,108.59255780597843,-8.774654724627204,8.776668212567968,14.668817037980395
9.945,0.9848027728562413,-5.532551774195731,96.40197629174143,0.078745165779794,-0.13633507670760903,0.1838136840816489,8.16305598190869,-3.185841899397452,109.05546983074598,-8.713402906915487,8.715014518736536,14.44605105562094
9.9475,1.0691805212066596,-5.249718709947061,96.72521568864833,0.078745165779794,-0.13633507670760903,0.1838136840816489,7.563931026359026,-3.468483253504457,108.95240007123725,-8.634799956097785,8.598377943056247,14.17685123370938
9.95,0.676315985019141,-5.720815990905018,96.598660449089,0.078745165779794,-0.13633507670760903,0.1838136840816489,8.300761415414145,-2.875398006708657,108.95571740764127,-8.527536611677874,8.52853867731444,14.179933477290104
9.9525,0.4682531599236881,-5.983671402142731,96.62797899194196,0.078745165779794,-0.13633507670760903,0.1838136840816489,8.413479081838757,-2.6033454273550896,108.91580021284719,-8.510481965683466,8.511283645376105,14.117634385946067
9.955,0.14025028444847598,-6.294775226499262,96.8570760863123,0.078745165779794,-0.13633507670760903,0.1838136840816489,8.499710955708014,-2.449838866855682,108.63587550983813,-8.432738648070226,8.433379883171382,14.018633842100682
9.9575,-0.36944586667166107,-6.8012446756295635,96.91644547636986,0.078745165779794,-0.13633507670760903,0.1838136840816489,9.25863893402422,-1.580476637391062,109.12193434278609,-8.382131283660069,8.382644034646837,13.938312296625897
9.96,-0.6675909506864081,-6.990442531766623,97.21142062939518,0.078745165779794,-0.13633507670760903,0.1838136840816489,8.996599243681745,-1.5286003951638605,108.8965500489382,-8.29451697231592,8.29492686154228,13.694506574759677
9.9625,-0.9007329494925953,-7.165272366310595,97.33914612126317,0.078745165779794,-0.13633507670760903,0.1838136840816489,9.11332477026119,-1.2361511575460875,108.9196873311273,-8.245248079292487,8.24557559498805,13.553879844356077
9.965,-1.197167942506597,-7.448874889251917,97.42882548954972,0.078745165779794,-0.13633507670760903,0.1838136840816489,9.499774354835878,-0.7424009596632826,109.14718505643528,-8.136335146416776,8.136596720667793,13.428096437700708
9.9675,-0.7219478399244399,-6.97223683720951,97.48049329983677,0.078745165779794,-0.13633507670760903,0.1838136840816489,8.901078469226281,-1.1231321072014886,109.15252849732302,-8.074310722793335,8.074519492200027,13.292491202005076
9.97,-0.890979645670769,-7.072113423506691,97.45274454865529,0.078745165779794,-0.13633507670760903,0.1838136840816489,8.928783070595037,-1.1318776415387466,108.77642294550122,-8.038976732140853,8.039143212395068,13.24039997532917
9.9725,-0.8868651024417837,-6.807660809132223,97.6591267841404,0.078745165779794,-0.13633507670760903,0.1838136840816489,8.837944518015325,-0.8312278936329967,109.49125681674674,-7.976612356857724,7.9767449980906955,12.953366920631831
9.975,-1.4942815952257869,-7.566727550502775,98.11710531961555,0.078745165779794,-0.13633507670760903,0.1838136840816489,9.338374243428616,-0.42164787543929855,109.1322634001895,-7.856871914909336,7.856977470121349,12.932442579008198
9.9775,-1.5260044655120777,-7.541066167443924,97.86689444043888,0.078745165779794,-0.13633507670760903,0.1838136840816489,9.103778226091832,-0.35786233985920957,108.91200421811826,-7.851992724066576,7.85207657682004,12.785909963932989
9.98,-1.7458185049280437,-7.740817974574935,98.1848959238609,0.078745165779794,-0.13633507670760903,0.1838136840816489,9.182568837392791,-0.16524976585784826,109.00413904825308,-7.745465022778507,7.745531526672716,12.651127999410255
9.9825,-1.6284950564226537,-7.412632905549931,98.51478280666099,0.078745165779794,-0.13633507670760903,0.1838136840816489,8.546147868338586,-0.43520716346133365,109.06325592339002,-7.666751677530459,7.666804302886848,12.363840532181205
9.985,-1.8316005170697702,-7.616249914153179,98.41961010647564,0.078745165779794,-0.13633507670760903,0.1838136840816489,8.958138353649746,-0.09910883900745976,108.963386062564,-7.5857030897902575,7.585744601744473,12.316712494249098
9.9875,-1.8073632917965916,-7.42549707551419,98.55406262473194,0.078745165779794,-0.13633507670760903,0.1838136840816489,8.833707479470979,0.11500540320514879,109.39689721816319,-7.544968308222456,7.545000928097392,12.099597982936112
9.99,-1.5636274350685222,-6.8600207009687075,99.23034608163368,0.078745165779794,-0.13633507670760903,0.1838136840816489,7.923914894319646,-0.21358979091773636,109.75488535936594,-7.435183579726972,7.3629017391038065,11.68911817463684
9.9925,-1.7274990692140109,-7.109289042910602,98.9844882929284,0.078745165779794,-0.13633507670760903,0.1838136840816489,8.23967717126299,-0.18518855304542978,109.10110127563148,-7.347575189853615,7.3427224227186185,11.717495973851305
9.995,-1.2565681678396696,-6.5197613887193375,99.41381688941863,0.078745165779794,-0.13633507670760903,0.1838136840816489,7.168450279768347,-0.3444553302376667,109.30834829070557,-7.302211067648736,6.888541966024366,11.433282077060683
9.9975,-1.180367800869767,-6.449751097002304,99.39672835704748,0.078745165779794,-0.13633507670760903,0.1838136840816489,7.2852000879808125,-0.29131032201303303,109.41902503727299,-7.173352854597673,6.815729080057796,11.338141506497776
10.0,-0.9334490368446084,-6.200061276500312,99.1906164091292,0.078745165779794,-0.13633507670760903,0.1838136840816489,7.095206156267558,-0.24829772697937355,109.34003425095564,-7.151132475445034,6.690533566666951,11.271940604122934
10.0025,-0.8943849493508117,-6.279502983298494,99.45642003524726,0.078745165779794,-0.13633507670760903,0.1838136840816489,6.970991274857831,-0.32533564844209734,109.1415808032024,-7.087697925222126,6.52467714726351,11.259742678136911
10.005,-0.8986396113348154,-6.262576905082655,99.49453737631558,0.078745165779794,-0.13633507670760903,0.1838136840816489,7.058517642176961,-0.22912867290924882,109.40513574559857,-7.019533898032714,6.535409878337346,11.174613215244216
10.0075,-0.3865274113137961,-5.642899506907462,99.91994006037791,0.078745165779794,-0.13633507670760903,0.1838136840816489,5.944518043789708,-0.3781933045161475,109.53022288397631,-6.956507985509632,6.0543602835516825,10.868125443239895
10.01,-0.4114218457663167,-5.675328842438054,99.58616247518613,0.078745165779794,-0.13633507670760903,0.1838136840816489,6.457427347715756,-0.23763485210727486,109.52310454646337,-6.864447833924181,6.146207190726589,10.867076541462234
10.0125,-0.9385457407132914,-5.965597540632084,100.08829142927443,0.078745165779794,-0.13633507670760903,0.1838136840816489,6.219093788697813,-0.22754699196482875,109.38674639073948,-6.819545411516916,6.161742323674868,10.605038577699263
10.015,-0.32894550277194406,-5.579650843406045,100.26641134155919,0.078745165779794,-0.13633507670760903,0.1838136840816489,5.751426843654611,-0.3549786926496631,109.42440591039686,-6.691953446274656,5.7832799822532355,10.54496677942326
10.0175,-0.6952658443065787,-5.492281446781744,100.39962268442882,0.078745165779794,-0.13633507670760903,0.1838136840816489,5.235350802861373,-0.3254025466874602,109.19982934532305,-6.686016376399469,5.710044712305318,10.181311409539893
10.02,-0.2879792738369643,-5.184105929911651,100.69006445021682,0.078745165779794,-0.13633507670760903,0.1838136840816489,4.988799571464201,-0.37361390131835703,109.3878108888967,-6.539224675338139,5.459878286966634,10.062575191218174
10.0225,1.9998237720859593,-6.634319713067052,100.0407516298286,0.078745165779794,-0.13633507670760903,0.1838136840816489,6.059700446884056,-1.5176793360131884,107.19858280124504,-7.534935072630056,4.734615575914596,14.551335868400924
10.025,-0.18973679948860955,-3.771055904589891,100.1246220802149,0.078745165779794,-0.13633507670760903,0.1838136840816489,4.480097123012843,0.03571388108343004,109.88288753677108,-5.687708681919829,5.3543529809441575,8.2241599236476
10.0275,0.37552008156234656,-3.8163850827631816,100.57231740622395,0.078745165779794,-0.13633507670760903,0.1838136840816489,4.705707564613718,-0.023261306901214845,110.6403304492553,-6.090552598389638,5.259895927627584,8.980318755945417
10.03,0.405194534311926,-3.894486924558471,101.00730494526601,0.078745165779794,-0.13633507670760903,0.1838136840816489,3.9278665822556302,-0.26296629694989443,110.2940753251912,-6.242836422541516,4.9355377595564764,9.053510362854235
10.0325,-0.11926342406773731,-4.385720704361926,101.33609760694868,0.078745165779794,-0.13633507670760903,0.1838136840816489,3.9491364265781908,-0.31682865776248953,109.82090130708916,-6.195992871568084,4.965933603064671,9.000322448519794
10.035,0.16088995092164893,-4.300186909920128,101.39829461309829,0.078745165779794,-0.13633507670760903,0.1838136840816489,3.9062482727198033,-0.32480505558689843,109.83242432880564,-6.147802385066353,4.861364459864396,9.048560140176756
10.0375,0.5053633454075869,-3.969630808255213,101.70493268358634,0.078745165779794,-0.13633507670760903,0.1838136840816489,3.332993994453246,-0.4511480392584592,109.85122696423109,-6.069490602178277,4.522340531866339,8.930457425136177
10.04,0.9156609407777812,-3.7765336023420963,101.80955527826653,0.078745165779794,-0.13633507670760903,0.1838136840816489,2.86283613135983,-0.6241757487280277,109.50827965009996,-5.994344434348128,4.175392225588873,8.940216876748762
10.0425,1.1493442638973532,-3.6434403461021465,101.4438964656806,0.078745165779794,-0.13633507670760903,0.1838136840816489,3.14579199655567,-0.5288581106507151,109.6126927221855,-5.961518964708766,4.190660769364498,9.005827554865624
10.045,1.5876051004616676,-3.2124367209438756,102.03404544331198,0.078745165779794,-0.13633507670760903,0.1838136840816489,2.3060212957206883,-0.7379801973632146,109.76842685631341,-5.872557644873951,3.721138126507003,8.842674264207842
10.0475,1.9384067270761312,-2.870759973052025,101.71196813133494,0.078745165779794,-0.13633507670760903,0.1838136840816489,2.275066933138042,-0.6798732148377986,109.84836742681402,-5.808294875611069,3.6292565349401507,8.7846892189565
10.05,2.311046838387922,-2.4937924726987526,101.64855397242479,0.078745165779794,-0.13633507670760903,0.1838136840816489,2.0160662901661834,-0.6987298577112078,109.97924963958904,-5.7399345766136465,3.424579244348926,8.69694062268241
10.0525,2.397104275199926,-2.4682260716197946,102.3739893510175,0.078745165779794,-0.13633507670760903,0.1838136840816489,1.560972899914417,-0.908044218491546,109.86828719158773,-5.599503307531064,3.0990206785932446,8.590105834282506
10.055,2.2313404671441472,-2.254956666441597,101.51786633867839,0.078745165779794,-0.13633507670760903,0.1838136840816489,1.7188842926244121,-1.0418895125107566,109.44121659553319,-4.542748573684255,2.835944549230923,9.275126295408137
10.0575,2.473725299071328,-1.621052097388223,101.95962818971903,0.078745165779794,-0.13633507670760903,0.1838136840816489,0.8743806239180085,-1.0705984798573942,109.81383281680228,-4.485022983116687,2.5249269359221445,8.666510387179857
10.06,2.3682580832276283,-1.621726677951291,102.12322696146244,0.078745165779794,-0.13633507670760903,0.1838136840816489,1.032010814052251,-1.022538403875497,109.94346459449683,-4.405095721106981,2.5731265085594055,8.443141092787782
10.0625,2.496764086687228,-1.3533727833790652,102.61390576935842,0.078745165779794,-0.13633507670760903,0.1838136840816489,0.2851412402268544,-1.163533747545287,109.8524256937423,-4.312027296789233,2.2438479074065043,8.106573330208276
10.065,2.832234036431876,-0.7829438191370123,102.45921178295741,0.078745165779794,-0.13633507670760903,0.1838136840816489,-0.0634897510213239,-1.1374091953734635,110.09106435537304,-4.20426920058246,2.040840217961108,7.844840115435085
10.0675,2.8769061991540683,-0.8239077957917297,103.05558965846579,0.078745165779794,-0.13633507670760903,0.1838136840816489,-0.2980249882873594,-1.2718885685525338,110.10830522436062,-4.117314634862459,1.8473024260440598,7.662199553047296
10.07,3.021852731494219,-0.4599904123996921,102.8192417483774,0.078745165779794,-0.13633507670760903,0.1838136840816489,-0.36472513379325094,-1.2036792325838779,110.28870742609983,-4.000908639659745,1.782461094906676,7.497274903801012
10.0725,3.132930686059246,-0.2894598769365427,102.95813212020529,0.078745165779794,-0.13633507670760903,0.1838136840816489,-0.4536931130887671,-1.2071768872861826,110.3851926545117,-3.893160779276935,1.6918022582695738,7.376243136539726
10.075,3.4058579828900495,0.006163264355748293,103.39058767382913,0.078745165779794,-0.13633507670760903,0.1838136840816489,-1.1434071683698974,-1.4010457244842018,110.22147989653762,-3.7958844981293747,1.2872605063540197,7.169286779447768
10.0775,3.6070290800410754,0.21760407680993163,103.68051930101402,0.078745165779794,-0.13633507670760903,0.1838136840816489,-1.4351009827598586,-1.465664479302153,110.42087747466599,-3.7081384616459356,1.094986521469799,6.930009960815857
10.08,3.8354992295116035,0.580473256451407,103.79541050761293,0.078745165779794,-0.13633507670760903,0.1838136840816489,-1.706071723242376,-1.4735916214713454,110.65909535482317,-3.60821416741542,0.9268710556979233,6.686016343426735
10.0825,4.02650304085523,0.7436986565984316,103.90459352493177,0.078745165779794,-0.13633507670760903,0.1838136840816489,-1.9154049071051957,-1.5567514590514977,110.59066955035068,-3.5089257734876536,0.7281520867465016,6.560423841960867
10.085,4.209896835322505,0.985160525064154,104.16125841749313,0.078745165779794,-0.13633507670760903,0.1838136840816489,-2.182638104752516,-1.6106031753615082,110.75039959008525,-3.413069984189836,0.5461570108397734,6.358336295845577
10.0875,4.4401566005018465,1.331650766084439,104.3328947458995,0.078745165779794,-0.13633507670760903,0.1838136840816489,-2.4533847867514074,-1.6376982526440533,110.98187795742362,-3.316579082007395,0.36666207778781545,6.121497420163966
10.09,4.59348624394223,1.4083812201053314,104.39999812029927,0.078745165779794,-0.13633507670760903,0.1838136840816489,-2.601032826330613,-1.748548022847834,110.77521231403662,-3.220304650508879,0.1788352876559448,6.042576168977989
10.0925,4.831416308931465,1.8449033749037564,104.62491796131017,0.078745165779794,-0.13633507670760903,0.1838136840816489,-2.8402477665743193,-1.7422805903875853,111.26667122187374,-3.1313813753310704,0.026021955077671872,5.744798321286403
10.095,5.019685405067055,2.039350570039337,104.8525920538295,0.078745165779794,-0.13633507670760903,0.1838136840816489,-3.0717234587465083,-1.8276966980064215,111.35725315669193,-3.0453630235107974,-0.15417410241925042,5.515847216589398
10.0975,5.252457548514658,2.3160993682317668,104.87231608821796,0.078745165779794,-0.13633507670760903,0.1838136840816489,-3.247443988349015,-1.8629356354707083,111.46461088405952,-2.9484224129380694,-0.3032643345902034,5.333129623488485
10.1,-2.3110843496117797,-4.439925939339335,128.70841105407655,0.078745165779794,-0.13633507670760903,0.1838136840816489,-5.60116288055379,-4.3565431540255775,112.17178218980622,-2.4063291803716327,-0.9840654800425799,3.681358123852709
10.1025,4.5822210272327055,5.643213023042397,89.53924503501648,0.078745165779794,-0.13633507670760903,0.1838136840816489,-0.9588824630507096,0.9569074112992604,109.1672176493434,-2.462613902629021,2.3226850007793916,4.587379523773091
10.105,6.232385050219149,3.124563106581658,100.56374277584145,0.078745165779794,-0.13633507670760903,0.1838136840816489,-1.1468097952446314,-1.2320188721036358,111.04019447128024,-2.4034522338650506,0.19638881785565093,6.0405881047910714
10.1075,6.224083797421037,2.713007607489603,103.99335952675034,0.078745165779794,-0.13633507670760903,0.1838136840816489,-1.991144166595305,-1.7606790475635592,112.00402597668425,-2.439575697151036,-0.36593438078260665,5.730068664557418
10.11,6.004804159592341,2.7766177652212076,104.84537027880246,0.078745165779794,-0.13633507670760903,0.1838136840816489,-2.607786209906371,-1.90832868992475,112.15393917578662,-2.4186784170239886,-0.5649422156559031,5.224753610545786
10.1125,5.411497009425185,2.3823564081415207,105.69756928956967,0.078745165779794,-0.13633507670760903,0.1838136840816489,-2.673125028071987,-1.9753691604859185,112.09847644650931,-2.3758469096026835,-0.5097649610530255,4.874997121541403
10.115,5.011802341978506,2.4647976579568702,105.79192679855676,0.078745165779794,-0.13633507670760903,0.1838136840816489,-2.751196616856098,-1.8592773753812764,111.98991510229011,-2.27209630760343,-0.41617264881253446,4.642610657992323
10.1175,4.2492536172365,1.986962248920604,105.55147406004154,0.078745165779794,-0.13633507670760903,0.1838136840816489,-1.7495044110882232,-1.6281716557523618,111.92665011904766,-2.173848911424224,0.056612871680568465,4.709783525280802
10.12,4.182575221814016,2.0666441006442273,106.24866495820638,0.078745165779794,-0.13633507670760903,0.1838136840816489,-2.876599290033332,-1.9152042863720238,111.44200241055303,-2.1034730434912294,-0.3840496262722389,4.362102404753889
10.1225,3.7369114896605864,1.7457478396541615,106.20114379918017,0.078745165779794,-0.13633507670760903,0.1838136840816489,-2.29813959692711,-1.7802018996979234,111.30478869851545,-2.0090925044785184,-0.10693016276495412,4.410716386961244
10.125,3.3202410646951286,1.5750804150341648,106.15136481354544,0.078745165779794,-0.13633507670760903,0.1838136840816489,-1.8175732786053032,-1.5998760706799335,111.618268226184,-1.9274501446611623,0.20236660216956906,4.303504669755474
10.1275,2.9791101317750996,1.4888341727682632,106.70011586819804,0.078745165779794,-0.13633507670760903,0.1838136840816489,-2.094077137963506,-1.7120025366174043,111.22892570852481,-1.8440283549224077,0.06379197662008346,4.190936289009688
10.13,2.3997616067609573,1.0927252256897155,106.9095392120159,0.078745165779794,-0.13633507670760903,0.1838136840816489,-1.594115165139715,-1.6216858747066594,111.31812561981064,-1.6978381354845307,0.3277338563285118,4.152019440310271
10.1325,2.6259695819204567,1.5453393662435682,106.3598376613404,0.078745165779794,-0.13633507670760903,0.1838136840816489,-2.248186559518758,-1.6831242317972719,110.8090572671935,-1.5764975128742849,0.042039502893965734,4.036934268195878
10.135,2.3334459384226736,1.2388173139918295,106.69160200573312,0.078745165779794,-0.13633507670760903,0.1838136840816489,-1.634308195144618,-1.5835117505729701,111.11298470024741,-1.516399828278259,0.28540878317417123,4.056356923752494
10.1375,2.1085246931680444,1.0873901484368091,106.72715563799257,0.078745165779794,-0.13633507670760903,0.1838136840816489,-1.6011082091042808,-1.600769160333304,110.82379135270939,-1.4312872426124763,0.30104470838934067,4.063305903156275
10.14,2.243500173489514,1.3645432077114703,106.81282087467183,0.078745165779794,-0.13633507670760903,0.1838136840816489,-2.085783739401397,-1.6665067081026899,110.77193236823919,-1.3585793787588,0.08169684052772261,3.8748697968321526
10.1425,-2.9530217544502286,-3.5854501989046184,131.4916458173881,0.078745165779794,-0.13633507670760903,0.1838136840816489,-6.581937309062136,-5.085104072004862,112.18654598569749,-1.3089704691699924,-1.3016766650900289,1.756497865344068
10.145,2.32974153303823,5.537471777851492,90.6788153079582,0.078745165779794,-0.13633507670760903,0.1838136840816489,-0.7070324134063675,0.919610250156122,107.92975396913461,-1.3506825000937073,2.375736528423622,3.1463845081972224
10.1475,4.420332029275142,3.1770467924199166,100.81674065310166,0.078745165779794,-0.13633507670760903,0.1838136840816489,-0.3066437063812147,-1.1249618298952173,109.74184618358318,-1.1311823041363989,0.38699570178380976,5.297346057851099
10.15,4.354993248139439,2.4587450866051226,103.98040476181896,0.078745165779794,-0.13633507670760903,0.1838136840816489,-1.0193275592229638,-1.8260249770503287,110.10974717271078,-0.8304337422844413,-0.3457981968314323,5.744591987503597
10.1525,4.050496294829812,2.278036350262383,104.88161591859051,0.078745165779794,-0.13633507670760903,0.1838136840816489,-1.338896126000949,-1.882258739369991,110.24846391095947,-0.8841386330843133,-0.3703269136495227,5.341999138767468
10.155,3.265584850866076,1.6308597379391645,105.22768885020872,0.078745165779794,-0.13633507670760903,0.1838136840816489,-0.5733965543405748,-1.6923289136743942,110.3882863105464,-0.9133967085346014,0.1286867227525308,5.149901235170287
10.1575,2.559824210180322,1.0616035565544515,106.85073792031406,0.078745165779794,-0.13633507670760903,0.1838136840816489,-1.2482739854831844,-1.9262740808860275,110.16009907176398,-0.9817086456417571,-0.002343037094723971,4.557951599865582
10.16,2.269910279767744,1.2562381436909649,106.57883563220376,0.078745165779794,-0.13633507670760903,0.1838136840816489,-1.2859166187762792,-1.7635089556857404,110.24731976492141,-0.9677652608643058,0.12933058893123078,4.145826683413471
10.1625,1.9546373073859014,1.1569811098843241,106.61190755561948,0.078745165779794,-0.13633507670760903,0.1838136840816489,-0.9684761394493155,-1.5953109307857196,110.42299283008457,-0.9437354612110027,0.38662267466467626,3.933411710420515
10.165,1.8696412564916,1.225997313725315,106.97592796715644,0.078745165779794,-0.13633507670760903,0.1838136840816489,-1.3229195670548528,-1.6315572695183718,110.40670230665454,-0.9240820843686482,0.29421113902817947,3.6401829544273774
10.1675,1.469565557828099,0.947060020001755,107.00693013810086,0.078745165779794,-0.13633507670760903,0.1838136840816489,-0.6873344933637328,-1.4719642001210969,110.60003915307875,-0.8911966346297818,0.6101677104318131,3.565062844127553
10.17,1.6007043454109353,1.1935645434835829,107.15714420388443,0.078745165779794,-0.13633507670760903,0.1838136840816489,-1.3901505482938632,-1.5814999865976829,110.26448589830743,-0.8366797687278443,0.3393383349530159,3.363288766969191
10.1725,1.2196039311956717,0.7857681907728051,107.30705350926523,0.078745165779794,-0.13633507670760903,0.1838136840816489,-0.6540134289627136,-1.469910444596045,110.39996683967219,-0.804129503238501,0.6378498968179853,3.4004310950811742
10.175,1.206564722333758,0.919549592590027,107.41175693780818,0.078745165779794,-0.13633507670760903,0.1838136840816489,-1.036800393855158,-1.5281368599112597,110.31441836665395,-0.7689253165836186,0.4828046521101578,3.1768252775428056
10.1775,0.3038511085519936,6.170084100253392,108.56165245157631,0.078745165779794,-0.13633507670760903,0.1838136840816489,5.47457223917251,7.473007867497201,126.94956115266518,-0.6200600876016568,2.687111768614905,0.4099614119141144
10.18,-0.5925184244710519,1.947477710345607,107.31778542312334,0.078745165779794,-0.13633507670760903,0.1838136840816489,3.4669623050794387,2.2014233501015084,113.12032714910724,-0.38358666508630973,2.4772367526012062,2.5438116294310333
10.1825,-1.8870970116587136,-8.530871355548827,105.68790731252433,0.078745165779794,-0.13633507670760903,0.1838136840816489,0.06638615994206845,-4.433168890292301,91.9646670671842,-0.22105954411023468,-1.7181633740396467,9.527824798982708
10.185,-1.3107071203172944,-5.193198447783909,106.75263901996924,0.078745165779794,-0.13633507670760903,0.1838136840816489,0.6355615088336626,-2.4643616958919754,101.55539840769387,-0.32426315144152024,-0.28706730901988864,7.372043966243874
10.1875,-1.3539003333800463,-3.1309407797889883,107.38584507276187,0.078745165779794,-0.13633507670760903,0.1838136840816489,1.298252051813638,-1.1668618885166326,106.57160153575762,-0.45638822390818257,0.7247906190985852,5.049139988941677
10.19,-1.3124752278316345,-2.411824013995454,107.54658230720398,0.078745165779794,-0.13633507670760903,0.1838136840816489,1.7204455004654724,-0.6030713307623419,108.48299499630737,-0.6787779623405825,1.198369371681216,3.8465310103114962
10.1925,-6.9648776640410945,15.196383175313613,62.80010799382933,-39.60675416867178,10.950053787394895,89.47335537989657,5.639417824894548,4.0477231383008245,66.85341886808433,1.624787259416231,0.8245103552947611,44.76807805722686
10.195,3.1955260034663158,5.858782061227973,66.2687703158249,-19.67110374578646,1.0038855113919793,36.72705735436299,8.350626532348354,-3.631583144465793,65.94416848654707,5.329714857504693,-6.519559449925517,42.06589011463942
10.1975,5.313619463235197,6.590626905244846,64.05516235283794,-22.65080145731152,2.282106197225113,41.71293878322137,10.273183565824601,-4.050148676794089,64.83984820262172,7.369814428439236,-7.4515445848199855,46.07750769259402
10.2,5.517246909344418,6.891968200689753,61.497023467057986,-24.07154627183719,2.8647366767684943,44.21714467650393,11.496142725592133,-4.174625654724413,63.3862801577458,8.45623023424286,-7.800234253753208,48.765919863993524
10.2025,5.720197854130969,7.118554953651867,59.29206337410146,-25.19239330504937,3.29284698579468,46.257439850035716,12.377874340384272,-4.186854156934481,61.9000171352812,9.06301659052942,-7.950295521234403,50.76406568987618
10.205,5.927220956731146,7.309282234208366,57.713639428529305,-25.76974950843028,3.6457633777556877,47.739563957683565,12.934437541110073,-4.103801307239312,60.38073010874956,9.324593788345576,-7.933892888149671,52.46196637183985
10.2075,6.12515707851964,7.251311758678027,56.14585589112579,-26.220200652768106,3.6560255080673634,49.50649754805086,13.245377654295888,-4.102096019303623,59.02438276458288,9.34000151036622,-7.952574312389375,54.00877839416809
10.21,6.325534949970438,7.279294279953237,54.98322398851083,-26.439295848090122,3.774629691688204,50.80096059902505,13.407662312441396,-4.032082045721674,57.81628713582076,9.147929525787086,-7.900329388337558,55.10583216080887
10.2125,6.521449359527759,7.271540445152778,53.92834359769006,-26.54670585273177,3.891400092787807,52.125144615121634,13.523511923725444,-4.069411483655204,56.61273831633798,8.883095345429329,-7.993942756624043,56.334191527932376
10.215,6.717182466970924,7.240552509964598,53.05145475705972,-26.552900066413223,3.9295944497924222,53.293325561053344,13.506233467866958,-4.004704146551735,55.58608478809202,8.478657658689515,-7.929127692168694,57.16637419331333
10.2175,6.9107092276741025,7.17650526348871,52.27822171065835,-26.407035184181225,3.9181756007149007,54.37251074562009,13.440713669422768,-3.9466845815889746,54.611285046607875,8.01747887878058,-7.8548374085036805,58.02284722117362
10.22,7.103638561704214,7.068882262985608,51.62302439481931,-26.160406908667905,3.8377796793816095,55.29633434796213,13.333077871028989,-3.8604227488590297,53.70043178016901,7.530558866474265,-7.7205441897673674,58.79504337044801
10.2225,7.366706330324949,6.9831340695932616,51.043953425034765,-25.829098999456235,3.7771929031693623,56.14109430902134,13.130256486548559,-3.7892078383670498,53.0185366475013,6.901608818415575,-7.616696364981093,59.268624169080695
10.225,7.550306321269825,6.81592068051818,50.420264400785506,-25.349411797202304,3.5895774832294647,57.01208782893504,12.91887699182572,-3.6941107413048813,52.388661532200516,6.29804673312446,-7.449012194889453,59.8558914521181
10.2275,7.678530404449847,6.698266688937714,50.037096556187485,-24.748450137211595,3.4435130577404873,57.5944765829651,12.675018954583146,-3.487291273815203,51.7816153039689,5.654890153316125,-7.126396817896993,60.239887296129965
10.23,7.960260618580191,6.555316354686962,49.69808337731457,-24.041663329782782,3.2942117924918355,58.096849434788155,12.374499108983777,-3.41107780828436,51.28389434911186,4.961063972382516,-6.983558231744206,60.6710895766894
10.2325,8.296591743991993,6.397062837697876,49.349459245913955,-23.391979023464522,3.108178813861591,58.695000291969805,12.031875421464772,-3.279515939851364,50.816077856366604,4.188134691139479,-6.772069372754764,61.04209657395383
10.235,8.482214450779137,6.254309463528708,49.08945939097041,-22.556082450085718,2.9295099025513665,59.126359428413494,11.668834975739456,-3.12147153626007,50.431047199504086,3.4065084377063934,-6.502198054184181,61.27190294128073
10.2375,8.654412150668486,6.076635763098182,49.01633438004776,-21.676911944444704,2.6884204606167375,59.43057763796901,11.307476902622852,-2.9650722035826234,50.07123410317471,2.5966309036805417,-6.227921370149289,61.45337786967957
10.24,9.04503589489655,5.899626180957369,48.91739674890305,-20.755463545280925,2.466563918574028,59.70624514970582,10.840340577804046,-2.8724907313311263,49.87877779456205,1.7280605155541917,-6.0410275910907325,61.601199196833775
10.2425,8.90444002494965,5.677627472592749,48.68654958368452,-19.734498615071974,2.133801135666542,60.08360672670901,10.470508779793205,-2.6396525847974974,49.66032791542045,1.0707410644338875,-5.640572219759308,61.69096736474759
10.245,8.779313908493984,5.586052155174771,48.54150076235633,-18.791779510586775,2.0337849050354064,60.214372777305314,9.919659231795894,-2.535459078030784,49.50192972114055,1.0529364335697773,-5.477995761311099,61.88525959070029
10.2475,9.849804764709171,5.702100789624377,48.031934862828706,-18.817914693787916,2.324806887806659,60.26025314142994,10.123953895952267,-2.6303622182778956,49.550999678530815,1.1340767477958715,-5.692642460261523,62.45632571810057
10.25,9.774253409477677,5.697820073410646,47.735040346083395,-18.77439402859844,2.3813823856848355,60.694961233006794,10.02498696795927,-2.54434749873288,49.26875134365658,0.9861685253980449,-5.6020328392826855,62.59470922626667
10.2525,9.9789709913643,5.692851595287215,47.60232233787056,-18.76623096980398,2.4841287931916862,61.0046706290542,9.713322163350828,-2.6499357240962085,48.97525487173788,1.063929508384914,-5.771945665625689,62.81886355332436
10.255,9.531946865116508,5.560359895032668,47.867185118691516,-18.750656580260245,2.322364306770809,61.27160531794296,9.765169407298135,-2.570600400186988,48.70274193951577,0.8148733011615942,-5.625262478413258,62.63963380842358
10.2575,9.56075658001,5.664135059884315,47.71221502619942,-18.21479356315233,2.5411946437102975,61.504857388285416,8.660107376280175,-2.572405527207078,48.673902182427824,0.9355208927693055,-5.634606745810419,62.44469444911611
10.26,9.152672655824443,5.536610064975997,47.82120961605901,-17.998114136657,2.409773967317735,61.644040730145676,8.774337155680191,-2.5636090196079673,48.48055610413327,1.0923202046046747,-5.562902430012132,62.47602505846331
10.2625,8.872080147826185,5.46112555032854,47.70165218237842,-17.74855125239727,2.38835250891733,61.87050821664201,8.409437475605817,-2.5799837546177447,48.22657012725592,1.3114298828838111,-5.572145659074927,62.53280656652369
10.265,8.68366260910805,5.415137717222872,47.95498484512336,-17.298359462709303,2.3072036634692967,62.016683062491325,8.134923778625645,-2.461294295239461,48.17625888103897,0.9556427998929128,-5.358701664180841,62.31660290035042
10.2675,8.522720182404154,5.294335732366899,48.036234776038185,-16.793525296859485,2.173468613213187,61.835245230660405,7.927641158931412,-2.420756968624419,48.13419589824617,0.8809285181075109,-5.2382798054448765,62.14197937225636
10.27,8.228838039689702,5.157480433666812,48.2626634207828,-16.42788778269252,2.0082793452220384,62.07383337070476,7.72735467925895,-2.388706953317795,48.01229944941997,0.8179677197964145,-5.135638014125278,62.151677225032586
10.2725,8.004997543472545,5.129815881127373,48.27379740514409,-15.973470368158504,1.949941867685618,62.11337427203817,7.568210707087019,-2.253273620112731,48.00150093037054,0.6859776981901013,-4.907260656551903,62.029646517021106
10.275,7.776685045051453,5.0156147020931785,48.44751756829361,-15.443236763747901,1.8265298601961495,61.94033147673747,7.3410174623156275,-2.242149632319546,48.03632421753075,0.7665274314604242,-4.833549714495574,61.954972294951574
10.2775,7.387067774487927,5.008420360461601,48.18154135249002,-15.150996991240405,1.8922875732617142,62.29027030124563,6.920648932452976,-2.280142725103586,47.784197517234496,1.356832079470903,-4.889203271692872,62.18107342586818
10.28,7.271663468857747,4.901219523051758,48.813157738631084,-14.522697976124071,1.7050136256269652,61.95961390347472,6.559267764290211,-2.123884258141891,48.08397520721379,0.6802087661765644,-4.589298808043357,61.37465617662494
10.2825,6.988023829384669,4.841664112794526,48.443583684565574,-14.12480083908823,1.7004454805214395,62.37199777877957,6.243126055348343,-2.167335594158241,47.81881615498054,1.202402579641871,-4.641004382306745,61.90226182213023
10.285,6.903350940127275,4.720372623342247,48.81966788221064,-13.424587471858253,1.5099037274521354,62.11619323291562,5.950335003299559,-2.026023898091961,48.01347412672801,0.6837701650368041,-4.3723265255659545,61.43603366183517
10.2875,6.731054476641831,4.667949004621146,48.97838812030075,-12.913520317892518,1.452640977936589,62.18311687533975,5.58927812133262,-1.9337792026807292,48.055342727798795,0.5318877472727,-4.206328303401677,61.16296055317038
10.29,6.493504005659765,4.585638295825677,49.04344781316635,-12.297117933749833,1.3756749366691048,62.18221457181264,5.219898065934613,-1.9363028634282917,48.057550525560735,0.7551887103781142,-4.169259832657622,61.29228593696743
10.2925,6.3063267469831885,4.5049631146345765,49.38488920485287,-11.709156418770824,1.280037767777091,61.91611681942395,4.806544266510641,-1.8972754131084286,48.12554467549491,0.6720093029628377,-4.051379533209592,60.920831416367335
10.295,6.058197852681123,4.4506358384822695,49.22732060475783,-11.202402980280521,1.2589970168216902,61.998057980771804,4.427813332536194,-1.9069101142171534,48.082321239975826,1.0800013879249395,-4.053844607628431,61.11222250759293
10.2975,8.06806085651957,3.0807374368310287,42.56964077689729,-10.416808078837255,-0.025543958485269587,69.99186349663141,6.490929340235365,-3.1783953924220687,38.61891119236161,2.0262553522409337,-5.453473679293823,78.4213231781896
10.3,4.59432911346553,5.500768418738283,46.73488642911772,-11.233433776528612,2.279519219506683,63.686128266121344,2.8110792159426596,-0.6467269420547551,45.892691560599665,0.1754022190616767,-2.737411253769634,55.858275418565086
10.3025,5.078806720946307,4.616960000345308,48.997263257565855,-10.036477289512678,1.372891796172288,62.89489988107579,2.655441593516755,-1.3732077375997225,47.50069862587576,0.34387452567855464,-3.438809262973493,59.41817276498294
10.305,5.287249504878888,4.309114233395776,49.16429997682868,-9.091823715818178,1.052026801841324,62.846928035700884,2.6258060140201196,-1.4704202651096938,47.56776070325755,0.40325937368989173,-3.476381313574662,60.49126660969836
10.3075,5.275097364965308,4.136429489540347,49.623491819339996,-8.336067076697534,0.8722151168157902,62.52750126816528,2.3809915502673804,-1.545588707405183,47.74130081283089,0.5404558691415995,-3.506630435705349,60.77534346669579
10.31,5.131072379700535,3.9916398424122064,49.744290443810755,-7.6733122275412216,0.7290234875792796,62.233509876578296,1.9409998531895793,-1.5640741148755664,47.77490800907948,0.6118396354365377,-3.486880324171719,60.491517141559854
10.3125,5.132625636188426,3.8960216664789282,50.291163050312676,-6.959909142615264,0.5667995673658653,61.967016966608824,1.62291636259665,-1.4211473361831628,48.26601613909319,0.1529194966106285,-3.2296750158724263,60.066625088934316
10.315,5.039024420466833,3.881662086700276,50.22459016754076,-6.289741507280341,0.5349278380369074,61.93985405145851,1.2445007651182312,-1.2729722621122377,48.48681460798828,0.014870637213057952,-3.002364916090846,59.755004804304065
10.3175,4.878514894652554,3.7939187369715603,50.424623728800825,-5.651177999665424,0.45969855516781993,61.776669008747035,0.7983711784876197,-1.2930941140464811,48.454597421706644,0.1687082141742152,-3.003564812134953,59.73435863199438
10.32,4.713960594686271,3.6848588914242733,50.51812104364055,-5.13924785464487,0.34974291200037766,61.99880316141645,0.4020288350857845,-1.2696942936749978,48.265689224529325,0.07068901625552326,-2.9363172271769247,59.79886587299015
10.3225,4.4843570487154825,3.6578134692967574,50.69526940731394,-4.537891528929171,0.35963671731143637,61.73578576548974,-0.14679806200756482,-1.3186930231044554,48.486577178523135,0.5127378014752765,-2.9914932854249523,59.6403314139901
10.325,4.407546982790975,3.6217471905516385,51.08301060796838,-3.9365139814730568,0.27194543390200393,61.668561903180475,-0.570780960014787,-1.1386974896037931,48.67959274327447,-0.0671827661422209,-2.7056260176684983,59.03086818758294
10.3275,4.367369659161349,3.568986379722038,50.796087355198985,-3.2234758998704423,0.2139229160322186,61.628637498760824,-0.8346588182873963,-1.0139784635349047,48.72627879436202,-0.13976823748394776,-2.513858227197534,59.05817427646858
10.33,4.2930803673100995,3.368639759783643,51.507299789401486,-2.5976188225740056,-0.01543990116222784,61.38282361292934,-1.3277607979943293,-1.06512172844755,48.82350252663321,-0.3445781533059355,-2.498258540681024,58.78187845579369
10.3325,4.210713144724187,3.3061481342149164,51.916308727300574,-1.929014934636325,-0.08749041663408802,61.113189053989615,-1.7887688651019638,-1.0187197645717356,49.18882044497366,-0.4380344056899944,-2.3973026958699104,58.41370625196731
10.335,4.067692542642111,3.314898352471836,51.61977299416602,-1.3967966689013405,-0.05206124193385233,61.27488076944066,-2.134018742864776,-0.9518905776099507,49.10413124926558,-0.25542408872248984,-2.318650939933961,58.55929352796579
10.3375,5.76450708158103,1.7655322420823525,45.10845292604889,-0.732658547848185,-1.6898985742103712,68.98700322603702,0.6941187521614721,-2.0676639584730605,39.47032834016009,0.21652563246582987,-3.345033137027423,75.3393854346505
10.34,2.6023251561941247,4.2819704388020465,49.242589880660645,-1.4551776635687055,0.9139382863733242,62.83466801243222,-3.8102794965299553,0.10608584374295844,46.85088568662398,-0.7937987908844839,-1.2299365527299397,53.80052629987958
10.3425,3.075721252154247,3.5394177709539925,51.06225086453354,-0.42087541782514193,0.2309815590815593,62.377782742894766,-3.996387471764673,-0.6111966985504674,48.157018723122924,-0.41608233275136186,-1.9705283025226086,57.39983461489014
10.345,3.791000682261188,3.3985083514107135,51.76043497259281,-0.6159277279540064,0.11982235579896913,62.2825351406193,-3.747073433420374,-0.7152678043933697,48.4415465998077,-1.0458879869416424,-2.069778609165687,57.605664881475974
10.3475,4.175773335944642,3.2125272235037623,52.01763258528312,-0.2620106444591831,-0.03799952659780454,62.17167849501891,-3.7035685623616366,-0.8688887560739831,48.30310613243504,-1.0709117583143628,-2.2280270988162987,58.20844100583638
10.35,4.693516286529022,3.210110525132218,52.419744533263035,-0.6244526053904721,0.05704134560978384,61.62225210208614,-3.538167176372088,-1.037630574612478,48.60868164314781,-1.0548006678915463,-2.45594637634132,57.98895425468699
10.3525,4.765503658052468,3.2815138966381805,52.31015681515045,-0.32532303058133033,0.1822843619275938,61.71698057827213,-3.8154111673733615,-1.0217172859143908,48.63266910594552,-0.8677101001524317,-2.4732518547733866,57.92896218618333
10.355,5.077124760321291,3.2790408876025827,52.38732804538684,-0.31248969611564587,0.23483373728375312,61.575307326254915,-3.8530295864531916,-1.0719513765975763,48.777574798114514,-1.00224441495085,-2.5388249279244155,57.88228509791121
10.3575,5.621442099766454,3.2531295228502244,52.89067476734945,-0.8870772027058353,0.26587033398811216,61.34528497258883,-3.6690075827377817,-1.154700608509002,48.75200080521774,-1.6351076584660724,-2.639035705949631,57.320974295801676
10.36,5.757922419928487,3.46777165365636,52.606714625930096,-0.9921765791015686,0.6513069571096106,61.37665220922284,-3.862205706041036,-1.2968089531338896,49.01105464260476,-0.6179776944865203,-2.9317980728062607,57.678141585375286
10.3625,5.751976609651012,3.4474229522402973,52.72448515849279,-0.7033120045257961,0.6725882212263249,61.38013851267809,-4.2400977770501935,-1.3519711341310248,48.83949308237268,-0.5947625304166358,-3.010423842570535,57.52690080818273
10.365,6.443783680549907,3.614445214575841,52.82509213716236,-1.3001028262527143,0.8829931065821415,61.48305814853825,-3.9568391706582036,-1.1732454034092992,49.20553774134158,-1.6690236687374385,-2.8052682165360237,56.854281508722906
10.3675,6.55685267780147,3.4601623578383043,53.28295656996633,-0.9895413353043346,0.7928425476872636,61.22072561750599,-4.241564241501459,-1.4345063172727097,49.008005306228476,-1.2681233451791731,-3.1186431890230613,57.1011143014324
10.37,6.847789340478051,3.5784764936120994,53.10076722530207,-1.0895914456295648,0.970774118568211,61.2520655081677,-4.263330361289623,-1.3563366012805518,49.21243851153839,-1.4363873988221532,-3.0509781801860973,56.91954038648937
10.3725,6.6970046072717135,3.5423266746378874,53.388590545912585,-1.4841810997845863,0.9754707510013265,61.232038039296526,-4.051045526301461,-1.4065322528702706,49.117217827082925,-1.4295558763834713,-3.100215980593495,56.66863229156964
10.375,6.5772295260997184,3.3950869024360433,53.65840829867484,-1.2451057713114337,0.745241019807029,61.250669276507,-3.8523951340743636,-1.236962618030589,49.12502841861273,-2.0202322058524045,-2.803310689153025,56.358047136059355
10.3775,7.313495790053994,3.4975818197393718,53.83859579161838,-1.6881900086084718,1.0310011906390109,61.028287269845805,-3.9424135532679867,-1.5464505757588416,49.2175555949712,-1.598923479495462,-3.2809277712015645,56.543812625507925
10.38,6.588075337307957,3.470674511868737,53.243382722477726,-1.3164553172493663,0.987200377831397,61.52623076601023,-3.9271779494067562,-1.3675729288561707,48.847316662616336,-1.2475653189615339,-3.0357388131995866,56.830553212691726
10.3825,6.602626372151785,3.384195429898593,53.902634620679045,-2.1392621856287137,0.8963576395477023,61.475218149372566,-3.496587675097167,-1.3963871913538377,48.8071613486396,-1.7343351790249608,-3.0320779468665373,56.248680490594694
10.385,6.321288870240997,3.153498122328989,54.173193582376456,-1.0041442659390563,0.48653984840451814,61.08070427455337,-3.4072888260100007,-1.101918821957222,49.28321096679918,-2.2453005883994823,-2.5150446826174346,55.888143470525435
10.3875,6.384427841760219,3.2085262350917128,54.072212039495696,-1.8134554281417226,0.6540668897896516,61.19408796192265,-3.0031803006602815,-1.220104340711517,49.16587594804123,-1.8517613157405082,-2.71279448180688,56.02657124365879
10.39,6.254888421680436,3.1712706735053593,54.2250084384915,-1.8183346243467946,0.6117158894623933,61.06332445119108,-2.7235125857179696,-1.1632235216520739,49.33177587272764,-1.8401803183192118,-2.606387310985441,55.81883324666637
10.3925,6.328888503800361,3.018435130953079,54.71429162819801,-1.9932357693581881,0.3917131642095232,61.01226995693365,-2.3661293414117517,-1.0867195258515796,49.268888786650415,-2.520922506382573,-2.441597657448153,55.48607531870282
10.395,5.452774327885009,2.9173746744097095,54.582779961999705,-2.0788933944311014,0.20660914798795063,61.2984083648128,-1.9742464553089427,-0.8348850206992953,49.10347921952284,-2.6103983981396492,-2.050927129060789,55.25259141349497
10.3975,5.724990187134507,2.999786292450656,55.0346754638486,-2.628865135001766,0.4432565433841243,61.37885325671813,-2.2642279510586443,-1.0940515402147097,49.01826650849372,-2.266674539393747,-2.4428850939194193,55.22086679067402
10.4,5.782479883965029,2.926154917322317,55.09808936245352,-2.1355852801575534,0.3409427047547038,61.17553886962699,-2.3698640496098875,-0.9875347475007955,49.158164924999724,-2.6449741045317503,-2.2574370573891063,54.77266758939345
10.4025,6.02656323258639,2.9009014097402903,55.49132214681781,-2.734163513857325,0.3546626175824852,61.15107236018244,-1.9108683346399675,-1.0410434211424615,49.25987559469916,-2.8927153367661727,-2.323723859940683,54.666233842450325
10.405,5.679392502742053,2.7314975659071394,54.9791785396003,-2.506393051989538,0.11475017454304486,61.334636492228995,-1.2275068035342505,-0.9052856351487991,49.01930594773344,-2.7207241399399833,-2.088497392075293,55.13733499149244
10.4075,5.597157928417823,2.9588273020704876,55.99490657295499,-2.2908569762670354,0.3264861795494882,60.1400112792106,-1.300964827865741,-0.6158122551244051,50.642177255051664,-2.8182673735473096,-1.7437250898750125,53.20585438635618
10.41,5.4108410872965775,3.214316343875715,57.79226419154472,-2.7673486205785722,0.6929856861712875,58.248391252115965,-1.6741885333838233,-0.6032088609781189,52.482807021661195,-2.5475692536255616,-1.8277880734228424,50.312688471785535
10.4125,5.532142950719445,4.397494062139741,63.487919556927054,-3.006010646566727,2.0459296875274404,52.93033536262249,-3.582356937448388,0.011672259798254113,59.655369000550564,-2.9069409864247615,-1.3874130178075677,41.03374293142188
10.415,5.623000252764302,5.603484061333825,73.15252053988172,-3.337662470980516,3.414837466040875,43.084314166788545,-4.921255002018148,0.6896159701285085,71.12259257189439,-3.035093563047763,-0.9015465405800148,27.4654221179756
10.4175,5.981239235242305,6.997330844439869,88.03925503126422,-3.758634444134301,5.181409745972583,28.95492770162287,-8.275956534185651,0.9642584952943035,86.60809161864894,-3.1559877383518464,-1.0458686674696398,9.112860652452673
10.42,5.694140369612163,8.018920445483195,101.11959777203937,-4.141853042569739,5.48977752055265,16.491237983836832,-9.531348665562362,-4.167515184229323,98.34860375009063,-0.011028117666639524,-0.006551793622041217,0.15588927551037557
10.4225,5.533673216441468,4.891544667031504,109.5737921601759,-2.4728146065003207,3.652952578510031,8.838415125370458,-7.613561138189145,-6.497992240538744,102.58564074562126,-0.008831266441916848,-0.005246655763266122,0.12483563577613133
10.425,6.8453577734118145,3.462852350327055,112.71861387590121,-1.3304554653313792,2.7411476729720667,4.929617638167226,-6.25848585633448,-7.565349865979086,105.33299424737605,-0.007072039830368439,-0.004201505423051311,0.09996797976318383
10.4275,7.628060833753886,2.8082635325584944,115.08917575904758,-0.5255346078892775,2.2773341740570903,2.451058110476284,-5.786256110666731,-8.563032783319896,107.13041714164939,-0.007072039830368439,-0.004201505423051311,0.09996797976318383
10.43,8.449436525539985,2.62295685685258,115.92935380479207,0.22476478822720566,2.1178303776831044,1.0287767589512917,-6.170216306087887,-9.0919241401633,107.8037307910897,-0.007072039830368439,-0.004201505423051311,0.09996797976318383
10.4325,8.828001855261125,2.842636413567304,115.9963734318649,0.34166310953634066,1.8930503924898134,0.4747760043433722,-5.865341363082561,-8.998419923513245,107.84959402335366,-0.007072039830368439,-0.004201505423051311,0.09996797976318383
10.435,8.950255736543514,2.530642082482164,115.865226653319,0.05111914025384776,1.8821096661306531,0.3535685111566007,-5.339197914023764,-9.00663254921472,107.66172100835082,-0.007072039830368439,-0.004201505423051311,0.09996797976318383
10.4375,8.790456307211384,2.7025505918037305,115.65328779543195,-0.4398671879260742,1.8399348707908147,0.27623024795814466,-3.623098594562808,-8.264502392809362,109.12913938004345,-0.007072039830368439,-0.004201505423051311,0.09996797976318383
10.44,8.526162575450002,2.5136029599175442,115.86132140580875,-1.0285543139818083,1.642674757210623,0.32143299663305136,-3.114159090118838,-8.252980253216695,108.45873314045777,-0.007072039830368439,-0.004201505423051311,0.09996797976318383
10.4425,8.396762503302792,2.5448647501520854,115.30005635826444,-1.4718318425792032,1.6102306224571366,0.6510475613375419,-2.6771626031822513,-8.02201503598968,108.14190116614014,-0.007072039830368439,-0.004201505423051311,0.09996797976318383
10.445,8.11640817699812,2.662413242222592,114.95800108755101,-2.153686040599072,1.6376978089529945,1.22116147934325,-2.1194794516943323,-7.631259147414273,107.51758778993783,-0.007072039830368439,-0.004201505423051311,0.09996797976318383
10.4475,7.697642919829288,2.758271987910078,114.17715302664,-2.7170545557174686,1.6257884215276805,2.087777939462022,-1.494303992552509,-7.131404625296408,107.04632649565804,-0.007072039830368439,-0.004201505423051311,0.09996797976318383
10.45,12.547592212051065,5.983795796541964,113.73951473730489,1.562672226073859,2.4440432295775962,0.7719241767157694,-0.20239915712524637,-2.7413359902331123,127.53152929712417,-0.007072039830368439,-0.004201505423051311,0.09996797976318383
10.4525,4.622362678478,1.0169069906880213,110.62571807490248,-4.379636244506664,0.26378636926922155,4.823574836373966,-2.4476851309923138,-9.981146648347778,91.70190717313736,-0.007072039830368439,-0.004201505423051311,0.09996797976318383
10.455,4.381426326582403,2.6966051669521,111.9112857391382,-3.9176315774834425,1.1727023981065574,6.262470652025355,-2.194422906654297,-6.61404277726517,100.9186842503822,-0.007072039830368439,-0.004201505423051311,0.09996797976318383
10.4575,3.7377558611947768,2.965066362375881,111.35267253992424,-3.982329025885677,0.805756074270309,6.697197203054673,-0.3841884717580143,-4.564503655977627,102.7188435416818,-0.007072039830368439,-0.004201505423051311,0.09996797976318383
10.46,4.36151490539919,3.234675469656183,111.76771873673201,-4.017514949255844,1.2753014312547202,7.055655849501884,-1.2378351539327894,-4.843500578442457,103.844184385374,-0.007072039830368439,-0.004201505423051311,0.09996797976318383
10.4625,4.510116296243854,3.21423001387707,111.47398575393541,-4.197047683560465,1.306165005936467,7.196090014438786,-0.9110122262704777,-4.933462063421977,103.45959634568044,-0.007072039830368439,-0.004201505423051311,0.09996797976318383
10.465,4.585050927092238,3.322762314391764,111.05924367627364,-4.2066621431412745,1.272798178785488,7.166495905838611,-0.26256717778980715,-4.375645987384819,103.86931416464765,-0.007072039830368439,-0.004201505423051311,0.09996797976318383
10.4675,4.435220969592484,3.2397888624968583,110.97152986913885,-4.280372423591056,1.1054061134698108,7.165219380432896,0.27138663982735683,-4.107559802884145,103.7737859785893,-0.007072039830368439,-0.004201505423051311,0.09996797976318383
10.47,4.1560407921067,3.058817782366815,110.95406003116415,-4.410164775246078,0.9104916721932063,7.301252388916529,0.5321736626958946,-4.0961152765933715,103.21092123408192,-0.007072039830368439,-0.004201505423051311,0.09996797976318383
10.4725,4.165503051715094,3.1292423283753354,110.74460879239861,-4.440326988212505,0.8409632335235022,7.383073210088282,0.9821610583345789,-3.5897215072054256,103.78093480158815,-0.007072039830368439,-0.004201505423051311,0.09996797976318383
10.475,4.240579705056244,3.0064633327163772,110.66490675579934,-4.612551409996584,0.8248702584643589,7.500835909605415,1.0812285364000707,-3.868210523675217,103.03001968300158,-0.007072039830368439,-0.004201505423051311,0.09996797976318383
10.4775,4.036950430890521,3.0428313689020867,110.5010874005992,-4.6431984851483525,0.7474335389194718,7.658970184909466,1.4424563483033672,-3.4402704558152513,103.37063835186844,-0.007072039830368439,-0.004201505423051311,0.09996797976318383
10.48,4.279989679978519,3.0153491692242342,110.58551993520103,-4.748209437654104,0.8185968510763028,7.694072804158145,1.4784164146013732,-3.6376842765479935,103.13586549647621,-0.007072039830368439,-0.004201505423051311,0.09996797976318383
10.4825,5.0063860835782705,3.038204118225972,110.74537486864821,-4.834258202744834,1.0728070935956495,7.594624472023787,1.1498447684788016,-4.180950351654932,103.0843820114803,-0.007072039830368439,-0.004201505423051311,0.09996797976318383
10.485,4.694216245377072,3.0677036337629477,110.48806800099457,-4.9068636437731605,1.0833999094079438,7.9356470339696354,1.212474085145378,-4.025445432248018,102.87630488854177,-0.007072039830368439,-0.004201505423051311,0.09996797976318383
10.4875,5.0663983928806005,3.080914977967925,110.41474136976888,-5.033383044213628,1.2359842442742948,8.06215551223458,1.0677257919735714,-4.298305052028167,102.56707285261348,-0.007072039830368439,-0.004201505423051311,0.09996797976318383
10.49,6.104055963290746,3.211260300680435,110.66037258453187,-5.15203085791592,1.7451725450502873,8.033589291464482,0.40539771638221794,-5.20675505269169,102.54751957036397,-0.007072039830368439,-0.004201505423051311,0.09996797976318383
10.4925,5.551296227007574,3.245458392837715,110.14378011633923,-5.1944283947186305,1.6382185386010286,8.459534199625113,0.5982052859312048,-4.711785191369428,102.33895640678215,-0.007072039830368439,-0.004201505423051311,0.09996797976318383
10.495,6.222389553084096,3.2591411764515277,110.26582978224056,-5.385317060668521,1.8972868883995553,8.570647960761862,0.3024088718560074,-5.304480511492625,101.87177130435936,-0.007072039830368439,-0.004201505423051311,0.09996797976318383
10.4975,6.367150662405175,3.2914203202215497,110.12430724546866,-5.463320980336725,1.972891032090388,8.658056674952077,0.40230075712061036,-5.345597234116727,101.9523573130533,-0.007072039830368439,-0.004201505423051311,0.09996797976318383
10.5,6.386768507814014,3.3689170607723598,109.81738329732146,-5.53048296722698,2.0501333966347928,8.904007333766563,0.42719514988949836,-5.210654308877453,101.8256335578971,-0.007072039830368439,-0.004201505423051311,0.09996797976318383
10.5025,7.379336733374935,3.46080732869816,110.19473722024549,-5.620658808700128,2.3733790624604483,8.673456107479113,0.21582658195888146,-5.8117213777695875,102.2281237162987,-0.007072039830368439,-0.004201505423051311,0.09996797976318383
10.505,6.650785464429893,3.4252566246756606,109.84300528472801,-5.6605929238002695,2.2508918773512256,9.175499296679009,0.14419954985963768,-5.5014518084068635,101.47875522650126,-0.007072039830368439,-0.004201505423051311,0.09996797976318383
10.5075,7.687637998571989,3.5065866165717723,110.16268547332552,-5.831097230800725,2.6969273101926383,9.215328125633581,-0.5771436306622638,-6.466226249815547,101.27218101507214,-0.007072039830368439,-0.004201505423051311,0.09996797976318383
10.51,7.529825520741503,3.6082630716257884,109.83988104482899,-5.8913009068954505,2.830539662110352,9.596064248484693,-0.7497620960103097,-6.437329976863475,101.00751561341316,-0.007072039830368439,-0.004201505423051311,0.09996797976318383
10.5125,7.857985947835118,3.694984467554823,109.82072821881165,-5.980740890962496,3.0108491657524774,9.769235665360698,-0.947638770898652,-6.62540649742847,100.92309884395536,-0.007072039830368439,-0.004201505423051311,0.09996797976318383
10.515,8.347325026606123,3.756613965719474,109.92139929690266,-6.119939104963108,3.264870075090119,9.923283557197683,-1.3024677047527131,-7.130606780625665,100.83677496918257,-0.007072039830368439,-0.004201505423051311,0.09996797976318383
10.5175,8.270108610734015,3.8277317022317714,109.5959076150766,-6.184584951121298,3.3224127428261294,10.218469555600572,-1.3260497036566463,-7.006258098889539,100.52118600202085,-0.007072039830368439,-0.004201505423051311,0.09996797976318383
10.52,8.345701506851306,3.8064271032710804,109.69723898377653,-6.28510378033271,3.372728387491239,10.388314021106689,-1.45760160971398,-7.199034018684418,100.1957067663289,-0.007072039830368439,-0.004201505423051311,0.09996797976318383
10.5225,8.197404345956853,3.863495331549423,109.48126666785346,-6.365376821256291,3.3853449046637434,10.683575550500601,-1.3221373719810752,-6.97869018708975,100.15097597111513,-0.007072039830368439,-0.004201505423051311,0.09996797976318383
10.525,8.453136866740556,3.8298269990741947,109.48216578295427,-6.504121055930776,3.4870128771209985,10.827740942001634,-1.4594989662009459,-7.30171107612834,99.70532572438593,-0.007072039830368439,-0.004201505423051311,0.09996797976318383
10.5275,9.21863837855123,3.918051045339838,109.85761897918802,-6.569765727344608,3.8141150391059457,10.716796192025454,-1.8393417085687842,-7.910621030043694,99.92572674699636,-0.007072039830368439,-0.004201505423051311,0.09996797976318383
10.53,6.1003889885680245,-1.374553456972598,127.54820283937292,-7.10685143142882,-0.043163505371700585,7.063246061990538,-2.0180870992866597,-14.758068674235735,101.22430732474594,-0.007072039830368439,-0.004201505423051311,0.09996797976318383
10.5325,6.572124389454206,5.984454071061873,97.03903991397402,-6.231063846357083,4.03313769151472,13.727295655949524,0.7552791726774798,-1.3188207466253214,97.96165964345637,-0.007072039830368439,-0.004201505423051311,0.09996797976318383
10.535,6.134355265996646,4.824266312931372,103.73725046604446,-7.172115311822561,3.1305797388708494,14.26024657734696,1.255572494859649,-2.7156011719544226,98.4919817209826,-0.007072039830368439,-0.004201505423051311,0.09996797976318383
10.5375,6.317015472908831,4.097999578653476,106.76482460108333,-7.170792572007804,2.721420351586093,13.192547280492276,1.1733980323497055,-4.05275912818932,98.74049317734921,-0.007072039830368439,-0.004201505423051311,0.09996797976318383
10.54,7.085746795574521,3.774767611760993,108.49625054224883,-7.098993985202156,2.743315272885595,12.210525236313318,0.855758144187747,-5.24970099931354,99.28866061672242,-0.007072039830368439,-0.004201505423051311,0.09996797976318383
10.5425,7.038644676220179,3.5016483282783883,109.24949450390538,-7.023255616883568,2.552097780550186,11.698580261405647,0.8683549575576236,-5.662097432934447,99.17274274925317,-0.007072039830368439,-0.004201505423051311,0.09996797976318383
10.545,7.380454796341028,3.479381244652115,109.53325427364753,-7.0184351540263314,2.6157722842459763,11.470399738893905,0.8220431090465529,-5.911773843331693,99.31161281791955,-0.007072039830368439,-0.004201505423051311,0.09996797976318383
10.5475,6.928701572996068,3.316676564291943,109.52774553017075,-7.087044048444538,2.3848410833702265,11.620076489964552,1.0540535427381887,-5.7521196530478935,98.96932441022942,-0.007072039830368439,-0.004201505423051311,0.09996797976318383
10.55,7.011115994177615,3.2993511682233607,109.71147492960469,-7.173205278599653,2.4035933562117737,11.679869595680808,1.1784608315216316,-5.827389712782991,99.02795113677655,-0.007072039830368439,-0.004201505423051311,0.09996797976318383
10.5525,7.35757146477386,3.2315591986168144,109.96376603258253,-7.247392780275785,2.491671468278912,11.554329123034842,1.0673233547157246,-6.264521795571774,98.79578097371241,-0.007072039830368439,-0.004201505423051311,0.09996797976318383
10.555,7.081394758663881,3.3072791041308434,109.64933378509156,-7.262124926493894,2.4433671542344735,11.792915537278374,1.3277330343241527,-5.823851953075666,98.9086669682561,-0.007072039830368439,-0.004201505423051311,0.09996797976318383
10.5575,7.094242528987932,3.245644644753887,109.70361452524578,-7.357806562482023,2.426776947571167,11.905947699777874,1.3509228190039138,-5.924583094922884,98.56110256850978,-0.007072039830368439,-0.004201505423051311,0.09996797976318383
10.56,12.167453932130552,1.2075342584842863,124.88785803433043,-5.88264289568464,1.951775938226832,7.157600735356747,1.307390773148448,-11.378184838904565,117.22329685136057,-0.007072039830368439,-0.004201505423051311,0.09996797976318383
10.5625,5.0732011207811585,3.6358163403306136,96.29952668685141,-7.815964839990634,2.281548589825102,14.27557442704107,2.477559824393584,-3.8518541387710923,86.62132878136507,-0.007072039830368439,-0.004201505423051311,0.09996797976318383
10.565,5.246284322562706,4.028425482367127,103.75034344465148,-8.118385653841875,2.6581961850416347,15.592598479184668,1.6803069928796,-3.6408842367576493,93.9929040594233,-0.007072039830368439,-0.004201505423051311,0.09996797976318383
10.5675,5.323590064674496,3.700873257931401,106.92923995863207,-8.0533121098881,2.435646273359912,14.947067681332305,1.7751664084795564,-4.114999395420951,96.24628306112734,-0.007072039830368439,-0.004201505423051311,0.09996797976318383
10.57,4.962662898212636,3.263683900151535,108.5388851754495,-7.97979001163531,1.8922595692867097,14.250484627291891,2.481648708033729,-4.069411886772277,97.25160931179771,-0.007072039830368439,-0.004201505423051311,0.09996797976318383
10.5725,5.812407341450163,3.2501732193634676,108.92199679155362,-7.925782894600044,1.9925682073317312,13.55140915951693,2.7435647664097242,-4.380513638685834,97.98645965347427,-0.007072039830368439,-0.004201505423051311,0.09996797976318383
10.575,6.549745749283213,3.134220011922488,109.62122098902942,-7.861875295777074,2.1058225650054196,12.872845531485455,2.534000217280157,-5.109035190435674,98.0275094460049,-0.007072039830368439,-0.004201505423051311,0.09996797976318383
10.5775,6.085210731782934,2.9919655854545475,109.52703394883108,-7.884443937493605,1.9214255056776226,12.908115470219,2.8161196261482164,-5.00155754566063,97.66482420604807,-0.007072039830368439,-0.004201505423051311,0.09996797976318383
10.58,6.139322010785158,2.8761434605779224,110.11011964026441,-7.918779754892725,1.8214088922601832,12.730718803088335,3.0010461543622826,-5.126747334371516,98.04668662494268,-0.007072039830368439,-0.004201505423051311,0.09996797976318383
10.5825,4.991702341901166,2.756753760503527,109.63161110161607,-7.971388160982887,1.394736259476733,13.222377558343672,3.6635013791467745,-4.199402838775648,97.53808585905965,-0.007072039830368439,-0.004201505423051311,0.09996797976318383
10.585,5.7495846368366035,2.7670089724024316,109.8558199560727,-8.039302123566438,1.5414544145929583,12.898927189458119,3.7772763476516023,-4.550916749204259,97.69289500604397,-0.007072039830368439,-0.004201505423051311,0.09996797976318383
10.5875,5.537574777212458,2.7055299935389647,109.91741821545814,-8.045893838775585,1.4655212869969478,12.961350663143149,3.813847815610778,-4.4907365606933904,97.52928257039464,-0.007072039830368439,-0.004201505423051311,0.09996797976318383
10.59,5.189686697068761,2.6880673304992904,109.63092374574616,-8.129407504122533,1.3367913500136537,13.239093594632914,4.158981018263696,-4.116733396367462,97.44651101850651,-0.007072039830368439,-0.004201505423051311,0.09996797976318383
10.5925,5.614617017925077,2.732670674704588,109.91479496918664,-8.158584251267886,1.4709968869037906,13.108287877283123,4.1533521040510895,-4.302700144648641,97.63548999367974,-0.007072039830368439,-0.004201505423051311,0.09996797976318383
10.595,5.556993313548809,4.273600225389157,106.8970239834767,-9.789766934589567,3.1655717311853078,19.155967732793705,2.3700679023593545,-3.482769704302571,96.1504428237865,-0.007072039830368439,-0.004201505423051311,0.09996797976318383
10.5975,5.572072438966278,1.9877570048965667,110.22359510984967,-7.453772152348221,0.8689813075461379,10.771778060288442,4.253754795152783,-4.986580454164973,97.14215644249094,-0.007072039830368439,-0.004201505423051311,0.09996797976318383
10.6,5.5670551743714745,2.367349045062188,109.93590960685924,-3.9372714027266054,0.7911128007233371,12.173652627522413,2.134757979214299,-3.6014253762932547,98.24237135709657,-0.007072039830368439,-0.004201505423051311,0.09996797976318383
10.6025,5.509682516161393,2.4870272627868597,109.80585006544291,-3.1370462849309453,1.0150836597429236,12.719174039894204,0.6352027258405288,-3.66746401440813,97.9533222416557,-0.007072039830368439,-0.004201505423051311,0.09996797976318383
10.605,5.287562383545537,2.5232943543783324,109.86686506466822,-2.869234508116447,1.1343380772188982,13.143938705194975,-0.16590502931097717,-3.7873581653176185,97.62259726204589,-0.007072039830368439,-0.004201505423051311,0.09996797976318383
10.6075,5.6426174058388145,2.556747093939014,109.8759339518974,-2.6183534647549975,1.408318933585949,13.397380973295716,-1.0492132504136447,-4.27837285223052,97.14019219191448,-0.007072039830368439,-0.004201505423051311,0.09996797976318383
10.61,5.299638647018275,2.6000699262622784,109.61488967859923,-2.3293727576008,1.388653904615684,13.79107880251309,-1.3831211201017926,-3.9879510725537144,96.75357327687927,-0.007072039830368439,-0.004201505423051311,0.09996797976318383
10.6125,4.980295199269899,3.8932160489636587,108.00497560618716,-9.106996079847717,3.317325474163184,19.46670115245432,-0.09479369491511297,-4.703512765438873,94.60951143133197,-0.007072039830368439,-0.004201505423051311,0.09996797976318383
10.615,4.645838927888042,1.85638377200461,110.01087549303436,-1.6451186184688087,0.4727348001851691,12.258987282282158,-0.6494142369604265,-4.171141707633645,95.84516454363167,-0.007072039830368439,-0.004201505423051311,0.09996797976318383
10.6175,4.557389489775871,2.2073416538400674,109.79200637747039,-1.2649244445009709,0.7504469679761822,13.552636759048985,-1.393623737546043,-3.567004671209245,96.33384523898197,-0.007072039830368439,-0.004201505423051311,0.09996797976318383
10.62,4.811841739212086,2.3582533050387506,110.01881716471506,-1.104439225124802,1.0159722422990989,13.942549700306413,-1.9833136225796277,-3.6511628057612513,96.65023923539908,-0.007072039830368439,-0.004201505423051311,0.09996797976318383
10.6225,4.3055865217521125,2.364593821383784,109.72094306131278,-0.7594605670987722,0.8926039014998881,14.345717729889314,-2.100454658851433,-3.237929554803494,96.28163007192894,-0.007072039830368439,-0.004201505423051311,0.09996797976318383
10.625,5.027885538156345,2.4236425615212167,109.94030097834721,-0.5345904959097151,1.2616988321015472,14.359164997365292,-2.999301965523723,-3.869228861602593,96.07031639346722,-0.007072039830368439,-0.004201505423051311,0.09996797976318383
10.6275,4.380072869033139,2.3808192240854638,109.75988272087955,-0.2920478543718925,1.1368752094797796,14.799840850829417,-3.292479972269685,-3.6294047737454838,95.55601926905304,-0.007072039830368439,-0.004201505423051311,0.09996797976318383
10.63,3.9127843776188356,2.3056964402917517,109.84085953124445,-0.0127245003966636,0.9661271598301392,15.116086535359356,-3.4704346837352222,-3.4017152415191885,95.32830775781373,-0.007072039830368439,-0.004201505423051311,0.09996797976318383
10.6325,7.251840693156551,4.3712507054478875,110.15839931812839,0.5652224070430997,1.8528772920470193,13.30525352515552,2.3985823020467008,1.4000663411476402,115.54674666489977,-0.007072039830368439,-0.004201505423051311,0.09996797976318383
10.635,3.0290446579729426,0.30279228433683325,106.99360318464252,-0.02029762667640047,-0.28694490841159453,15.779631445931129,-5.3739711943210695,-6.977923656312496,81.44917688581474,-0.007072039830368439,-0.004201505423051311,0.09996797976318383
10.6375,3.6558847032934048,2.132006687676884,108.72002083814672,-0.22412274198657195,1.6540244416629934,17.130384206878055,-6.598033393676462,-5.5009559833818455,90.0688962491912,-0.007072039830368439,-0.004201505423051311,0.09996797976318383
10.64,3.7047023400773162,2.5233701797642505,109.29199421589684,0.9424495901142317,1.7356966264497902,16.888359510177686,-6.502550057724584,-4.27356384488493,93.0777985064442,-0.007072039830368439,-0.004201505423051311,0.09996797976318383
10.6425,3.7939928763558566,2.5070838314607644,109.6038882327091,1.099300480952661,1.5607075026582735,16.691136690547587,-5.964450096959364,-3.8446672510220883,94.1154238345212,-0.007072039830368439,-0.004201505423051311,0.09996797976318383
10.645,3.530345834288952,2.3752435840476176,109.56706026510946,1.39661333378351,1.316068200069386,16.61849642289547,-5.791940683941325,-3.6074434474534893,93.93081943310865,-0.007072039830368439,-0.004201505423051311,0.09996797976318383
10.6475,2.951683786207395,2.269837313022435,109.4977604210866,1.6146925151722709,0.924619773640019,16.627779449925242,-5.233831554152177,-2.9069989296571603,94.14968624134903,-0.007072039830368439,-0.004201505423051311,0.09996797976318383
10.65,2.920531784081651,2.219257697377336,109.5074650531416,1.8799194907434766,0.7490611481630919,16.419676951993495,-4.792226099948151,-2.565237986765688,94.49605225105208,-0.007072039830368439,-0.004201505423051311,0.09996797976318383
10.6525,2.456285299651105,2.076641557294038,109.50099011240734,1.972592521671546,0.4498024242833049,16.37951512207359,-4.411456236502212,-2.2335963680634596,94.33922927677915,-0.007072039830368439,-0.004201505423051311,0.09996797976318383
10.655,2.767568583244864,2.00365782165317,109.66184439958884,2.211186081238599,0.39561414106132703,16.18002519409597,-4.3376059692482665,-2.2805428734865876,94.6674459818889,-0.007072039830368439,-0.004201505423051311,0.09996797976318383
10.6575,2.563869797143381,1.976696563410949,109.67058960325734,2.5199696615980343,0.2995820710899617,16.19035667360525,-4.339464285510986,-2.0483121367958117,94.72084224141018,-0.007072039830368439,-0.004201505423051311,0.09996797976318383
10.66,2.1390168320015004,1.8834317730352093,109.52877514849419,2.7953691221992396,0.10754173757018934,16.324836836201605,-4.387073586345405,-1.8131744667269658,94.16235918678854,-0.007072039830368439,-0.004201505423051311,0.09996797976318383
10.6625,2.1950798781163376,1.8170051306912136,109.59820331893637,2.9853995046611654,0.09247393546799253,16.31043217328788,-4.532274015036955,-1.8978800368271191,93.96388143881195,-0.007072039830368439,-0.004201505423051311,0.09996797976318383
10.665,2.1437280731886763,1.7748966550814822,109.90697199463622,3.3138728576251335,0.030566262032845317,16.343651162555858,-4.763703452863948,-1.850128639277574,94.19761162831318,-0.007072039830368439,-0.004201505423051311,0.09996797976318383
10.6675,1.697187431118907,1.5947271491419104,110.06378313115789,3.5609715825427286,-0.19301933980097774,16.452765052173483,-4.9101888213436125,-1.8378086116661652,93.64607868164777,-0.007072039830368439,-0.004201505423051311,0.09996797976318383
10.67,2.0420758858203194,1.7294187627464401,109.68749813631707,3.7325969472917193,0.04815767613035121,16.586397009561253,-5.165098401311875,-1.8807269990131241,93.79155183571085,-0.007072039830368439,-0.004201505423051311,0.09996797976318383
10.6725,2.0517797966725784,1.7967687941619868,109.62235542987786,4.096272359964552,0.13041941048514394,16.756658820369758,-5.49437196335506,-1.7657806099776565,93.7827924266346,-0.007072039830368439,-0.004201505423051311,0.09996797976318383
10.675,1.1600513508632804,1.6237045870634543,109.72090733234207,4.256474718569974,-0.2633491568806533,16.986465947869938,-5.308606722941178,-1.3240359628309513,93.31938456142943,-0.007072039830368439,-0.004201505423051311,0.09996797976318383
10.6775,0.8759798349073309,1.6092812854065845,109.58304045193704,4.477697253412883,-0.4097060937386899,17.16687424909327,-5.146411855885189,-0.9072474769202021,93.43437300498225,-0.007072039830368439,-0.004201505423051311,0.09996797976318383
10.68,1.3029815565841152,1.5729789435401504,109.8513016144252,4.9565188772775315,-0.30863871172984203,17.06338751219004,-5.639062866707595,-1.2283197251500968,93.44428049610876,-0.007072039830368439,-0.004201505423051311,0.09996797976318383
10.6825,-0.11434088245254659,-6.135485991187155,136.81640644763422,6.06943635271259,-5.866822209712597,9.583116996467533,-7.955770585401599,-12.819698720721718,95.7404418803023,-0.007072039830368439,-0.004201505423051311,0.09996797976318383
10.685,-2.321599682784611,5.146955489953316,90.65152225150118,5.347305111157872,0.9114512905341867,21.91971485900804,-2.3109204917365345,8.195587217492218,91.40679881984721,-0.007072039830368439,-0.004201505423051311,0.09996797976318383
10.6875,-2.593824677033299,3.1796687303058797,100.84200168825666,5.766416163799231,-0.9284898082416309,21.400038988221326,-2.5121386383607813,6.061148376827769,92.35428842419523,-0.007072039830368439,-0.004201505423051311,0.09996797976318383
10.69,-2.198891728410404,2.028657147286388,105.613687263058,5.904454807091167,-1.554188632602636,19.67516784431006,-3.0853034499050938,3.781297911809382,92.7129366534126,-0.007072039830368439,-0.004201505423051311,0.09996797976318383
10.6925,-3.3001515735688574,1.2792639604942933,107.52218685142095,6.00013695174833,-2.4310777867853357,19.0175380265564,-2.74995010919212,3.520628380996894,92.59565704226283,-0.007072039830368439,-0.004201505423051311,0.09996797976318383
10.695,-3.8598155428082177,0.6649034115508022,109.25066329452369,6.320111120809287,-3.0309751477179563,18.431924922360857,-2.731589127473192,2.97217674287523,92.05180567916585,-0.007072039830368439,-0.004201505423051311,0.09996797976318383
10.6975,-3.2309710922990416,0.5534320717527706,109.79677370222517,6.48321730398113,-2.9481363645045784,17.88770392421271,-2.941863340262672,2.462996100061552,92.37457596892247,-0.007072039830368439,-0.004201505423051311,0.09996797976318383
10.7,-1.9671729712376895,0.5174417503589005,110.69245406278685,6.858316982824888,-2.545248115418043,17.282961852443783,-3.824768355273719,1.3857281214591508,92.90292309544606,-0.007072039830368439,-0.004201505423051311,0.09996797976318383
10.7025,-2.5679840457509497,0.4874474532546571,110.42816623911165,6.868753370970695,-2.645382434261858,17.42987356840944,-3.802787023772566,1.624040154099607,92.42465775306266,-0.007072039830368439,-0.004201505423051311,0.09996797976318383
10.705,-2.768151368499901,0.38733643955190056,110.57003682370977,7.133582678156035,-2.763916868403239,17.630149942849677,-4.033566155861249,1.6494981189552564,92.12164819442054,-0.007072039830368439,-0.004201505423051311,0.09996797976318383
10.7075,-3.5148807930022654,-7.647321352621675,138.81501399445506,8.564970504322675,-8.054853130971917,10.324680182078401,-7.134586172185936,-10.63696485808663,94.74092479891522,-0.007072039830368439,-0.004201505423051311,0.09996797976318383
10.71,-0.8578721271125846,4.542674833478062,91.88845737438962,7.691463237231312,0.8101405142844247,20.787530855669317,-3.756073678177714,7.229040050565848,91.11516959899298,-0.007072039830368439,-0.004201505423051311,0.09996797976318383
10.7125,-0.7164640753444368,3.0149165243650082,101.59745723110039,8.488206889099422,-0.1859095523343011,21.084100537541197,-5.592996059677211,4.545413072144297,92.02301206494217,-0.007072039830368439,-0.004201505423051311,0.09996797976318383
10.715,-0.39088648736101145,1.9932211401559738,106.3782844629197,8.42867554835238,-0.49130332340453453,19.937910025251306,-7.055968176254046,1.8808849925517293,91.86317574026606,-0.007072039830368439,-0.004201505423051311,0.09996797976318383
10.7175,0.2867703126677629,1.7015144485176434,108.22226989721476,8.682286957560356,-0.2572072589883168,19.345153411195113,-8.3354078439217,0.3199380947980035,91.71746183151689,-0.007072039830368439,-0.004201505423051311,0.09996797976318383
10.72,0.19142954433329123,1.4016729105413155,109.48284675359945,8.93431096932149,-0.38334179551835684,19.088743725055927,-8.97154350111543,-0.3418843777332705,91.74302921330111,-0.007072039830368439,-0.004201505423051311,0.09996797976318383
10.7225,-0.3237986390964062,1.2335240429807885,109.57865761804622,9.151989268606837,-0.5506983956208338,19.249404492402917,-9.256747031896046,-0.4314749794676373,90.94538425297863,-0.007072039830368439,-0.004201505423051311,0.09996797976318383
10.725,0.41928174035153976,1.173287992752894,109.90386016384697,9.351363129930034,-0.2780725051075197,19.128342661568517,-9.97704888795121,-1.2427289571127975,90.77085265939652,-0.007072039830368439,-0.004201505423051311,0.09996797976318383
10.7275,-1.1594980507692276,1.0838306255641839,109.73898083852099,9.547443201018142,-0.7853059302523024,19.699838342125517,-9.506531936626168,-0.21286669473456812,90.5093984114338,-0.007072039830368439,-0.004201505423051311,0.09996797976318383
10.73,0.0019857175725791713,1.005381388763736,110.47152164680472,9.837445223516632,-0.5545084270917605,19.239074411861466,-10.139170787540046,-1.0317553764834153,90.53583105437816,-0.007072039830368439,-0.004201505423051311,0.09996797976318383
10.7325,0.2348094048916809,1.132538121448877,110.28325487520843,9.966965888178052,-0.33130123443674336,19.235839876046505,-10.355845323231947,-1.100995587467562,90.81536467273482,-0.007072039830368439,-0.004201505423051311,0.09996797976318383
10.735,0.3288379830805862,1.119912058062261,110.03744039771588,10.148418962902115,-0.2240175004321054,19.3826095224671,-10.697644830597214,-1.3333445581513024,90.29311218162287,-0.007072039830368439,-0.004201505423051311,0.09996797976318383
10.7375,1.026866389850843,1.2508800671729374,110.29711645648013,10.422248846770149,0.07426120461848468,19.322951970355547,-11.113030401063172,-1.6039943122630402,91.1288591377948,-0.007072039830368439,-0.004201505423051311,0.09996797976318383
10.74,0.6517155799142281,1.283224591681825,109.54415051686584,10.726441823753376,0.06723514935171765,19.77254449302545,-11.480976110821961,-1.4064554313883588,90.21029874504652,-0.007072039830368439,-0.004201505423051311,0.09996797976318383
10.7425,1.3228507325549819,1.2507374125386541,110.28863726679022,10.662577799337894,0.2933853483905693,19.519149430104335,-11.871740629866059,-2.0560325380181963,90.50664224627276,-0.007072039830368439,-0.004201505423051311,0.09996797976318383
10.745,1.2641377504775093,1.43145237121328,109.69402199480658,11.104431068512381,0.45220786345919173,19.96193523813936,-12.313661749782703,-1.7862807747755396,90.29036028412746,-0.007072039830368439,-0.004201505423051311,0.09996797976318383
10.7475,0.7695284153940439,1.351576125068724,109.76801103200455,11.331350400972708,0.2814053468068643,20.19318347538656,-12.420608245746282,-1.5820167288727092,90.00843538286392,-0.007072039830368439,-0.004201505423051311,0.09996797976318383
10.75,1.284302544183044,1.350952926465429,110.10718235289008,11.489329058501381,0.44004944677599617,20.022604796297536,-12.697265038568741,-1.9507805281971071,90.24005597798126,-0.007072039830368439,-0.004201505423051311,0.09996797976318383
10.7525,0.2825196859180373,1.2567003740201514,109.56280074115405,11.588259923020665,0.11027572400453246,20.466728176615902,-12.433420212045428,-1.3551614344690528,89.4871088551263,-0.007072039830368439,-0.004201505423051311,0.09996797976318383
10.755,1.1502133663904797,1.285459050137932,110.01353954325805,11.847721958929071,0.3733950082189786,20.324945543113657,-12.961586076936563,-1.8786852294670429,89.7689036014818,-0.007072039830368439,-0.004201505423051311,0.09996797976318383
10.7575,1.124949058968339,1.3508409184691623,109.8650967968887,11.934930668252846,0.45742123490440784,20.388788042015932,-13.04392276636536,-1.8609287727993145,89.77410687596976,-0.007072039830368439,-0.004201505423051311,0.09996797976318383
10.76,0.7437419448617227,1.274616866995577,109.76449152652694,11.929761981349909,0.3192077620393878,20.576928857202468,-12.939462268136575,-1.6797257176472347,89.37391777052844,-0.007072039830368439,-0.004201505423051311,0.09996797976318383
10.7625,0.9161903726191595,1.2892368207321663,109.81067376416765,12.309710500467181,0.3731370722270912,20.78003025215378,-13.356778640721387,-1.7402893084792717,89.26626702663526,-0.007072039830368439,-0.004201505423051311,0.09996797976318383
10.765,1.198006368978439,1.3621620635664664,109.7633313229291,12.322674769698681,0.5587051039858938,20.736536473465797,-13.507242942682801,-1.9302523392112472,89.35313695572005,-0.007072039830368439,-0.004201505423051311,0.09996797976318383
10.7675,1.5807575153335116,1.364754699944573,110.00105557090666,12.468242009023648,0.7063284578173823,20.69631085686489,-13.816364867442593,-2.281480359410464,89.42760343329819,-0.007072039830368439,-0.004201505423051311,0.09996797976318383
10.77,1.4023782057133574,1.4251073412242479,109.62704595010021,12.621920627060463,0.7442489758513868,21.01169474966362,-14.055226974130271,-2.137541192646296,89.04178552660044,-0.007072039830368439,-0.004201505423051311,0.09996797976318383
10.7725,1.7709232388115868,1.3763178713841977,110.07952328929788,12.742634836346175,0.8623747312322979,20.913984600626655,-14.38670228427164,-2.590091539803636,89.14139038059047,-0.007072039830368439,-0.004201505423051311,0.09996797976318383
10.775,0.7900122914183022,1.3427382618830839,109.53555051267536,12.741116217199693,0.5624712257108786,21.332675456227946,-13.973699083693623,-1.8514206057447289,88.65173811865738,-0.007072039830368439,-0.004201505423051311,0.09996797976318383
10.7775,2.0450193703228,1.4445795513226367,109.87606836818208,12.9387210588729,1.0190908817080468,21.237275768743352,-14.686949357692717,-2.656560608517085,88.87937580303091,-0.007072039830368439,-0.004201505423051311,0.09996797976318383
10.78,1.9348048080473088,1.4574591109693766,109.70576682818341,12.872612327599727,1.0833306511615273,21.252343057306177,-14.79798171747074,-2.7711077350006192,88.55856059230766,-0.007072039830368439,-0.004201505423051311,0.09996797976318383
10.7825,1.4990166651692483,1.5410421766521514,109.32008534650646,13.022256922355318,1.0680309661773544,21.858328801706378,-14.851230632472536,-2.3476479825307055,88.2963095703171,-0.007072039830368439,-0.004201505423051311,0.09996797976318383
10.785,2.0223954555296793,1.514128994171567,109.79944923486237,13.04033800118217,1.1895214030136887,21.57552884637444,-14.967972313465868,-2.7434044739192482,88.63590516192943,-0.007072039830368439,-0.004201505423051311,0.09996797976318383
10.7875,1.6557748755957558,1.5254660479998254,109.59110070200249,13.131694685643708,1.1320632503844354,21.934951418959002,-14.981579978278246,-2.496784401164637,88.30576306442259,-0.007072039830368439,-0.004201505423051311,0.09996797976318383
10.79,1.727895352048105,1.5059419407971064,109.36151458054748,13.142886038126713,1.1587802884718923,21.89596311274508,-14.938757518345739,-2.5500363436405378,88.05376890383904,-0.007072039830368439,-0.004201505423051311,0.09996797976318383
10.7925,1.9338635895429046,1.4521659257051638,109.8127081056476,13.200964157895477,1.1640942951125088,21.82598400286696,-15.062366971570695,-2.750660032684162,88.16665693917187,-0.007072039830368439,-0.004201505423051311,0.09996797976318383
10.795,1.164065033001758,1.405964407258957,109.57498767834078,13.299006632144634,0.9513157444564926,22.278554226520292,-14.814991544168018,-2.2469748233083897,87.8878793322332,-0.007072039830368439,-0.004201505423051311,0.09996797976318383
10.7975,1.6965007277920936,1.4680116065161786,109.55735783549598,13.367093929515702,1.1389021227983414,22.221141861011674,-14.997638417645945,-2.4876030350795597,87.88520754723012,-0.007072039830368439,-0.004201505423051311,0.09996797976318383
10.8,2.399212254904157,1.529468617787542,109.79169994680488,13.410013964193698,1.4372537074086893,22.054946698417723,-15.379804622109747,-3.0386588812750275,88.11727767085591,-0.007072039830368439,-0.004201505423051311,0.09996797976318383
10.8025,1.9608088873108698,1.5392110618807755,109.47167907967575,13.411048583252818,1.3557553755781746,22.282790244191204,-15.249307708989994,-2.758312785888073,87.84608037537704,-0.007072039830368439,-0.004201505423051311,0.09996797976318383
10.805,2.473784868547772,1.7803680491380034,109.60232902277326,10.808558042501542,2.097131874171288,23.553926521007682,-14.579421096749513,-3.6218311284752303,87.12196733282494,-0.007072039830368439,-0.004201505423051311,0.09996797976318383
10.8075,2.095657342810565,1.6652024414406867,109.39255234600694,10.76821242041568,1.7988750017732942,23.213550242788145,-13.72604020788904,-3.2498219076554484,87.16159176707836,-0.007072039830368439,-0.004201505423051311,0.09996797976318383
10.81,2.2912530979087027,1.6049227085783255,109.33052619567853,10.819079718073807,1.7225971306619607,23.01653361335422,-13.393041325293336,-3.17162344103675,87.19643427688115,-0.007072039830368439,-0.004201505423051311,0.09996797976318383
10.8125,2.284812412359085,1.55499425431744,109.38563697416454,10.79962133150797,1.6275314227690991,22.90456982031148,-13.073511793425585,-3.0418774199926983,87.35271654041333,-0.007072039830368439,-0.004201505423051311,0.09996797976318383
10.815,1.9102941891514316,1.5297558632163826,109.32775967122424,10.186799625685772,1.5455614266124964,23.29035558389036,-12.523766538484162,-2.8855133388816188,86.98493409080514,-0.007072039830368439,-0.004201505423051311,0.09996797976318383
10.8175,1.9346973174005182,1.477390618432533,109.40143993100953,10.032395587699105,1.4588716949727345,23.19490213582634,-12.083531023602823,-2.7988902233328603,87.09063401324362,-0.007072039830368439,-0.004201505423051311,0.09996797976318383
10.82,1.9026944945689108,1.3919566639052536,109.44667268866085,10.09390350571371,1.322667248125941,23.057090413013476,-11.808920198109623,-2.6821353072832306,87.12596853523183,-0.007072039830368439,-0.004201505423051311,0.09996797976318383
10.8225,1.758569142434567,1.3262272562488844,109.58438885914809,9.911783823961528,1.2212209562936105,23.090297209059713,-11.493901768137354,-2.615581072689844,87.05449221496139,-0.007072039830368439,-0.004201505423051311,0.09996797976318383
10.825,2.3250051748956784,1.331192564843696,109.89553158305094,9.7053089192998,1.4381883944090055,22.953282529866605,-11.531486256799953,-3.069501866312773,87.14622952061869,-0.007072039830368439,-0.004201505423051311,0.09996797976318383
10.8275,2.335064241717234,1.346254304993443,109.67851067438238,9.607813890320884,1.5159435110173851,23.09405471840003,-11.58163560836907,-3.1384881084661655,86.8059750731011,-0.007072039830368439,-0.004201505423051311,0.09996797976318383
10.83,2.075808133048863,1.4284790770747182,109.41146610661578,9.464022584183908,1.5111324781865567,23.392676627949776,-11.281776869505025,-2.7892221988207897,86.92472219191878,-0.007072039830368439,-0.004201505423051311,0.09996797976318383
10.8325,2.5944294951098215,1.4539324052745541,109.6299966201434,9.332451092668075,1.6986331270035957,23.279051796087266,-11.319105858201366,-3.107736074806181,87.02588620383521,-0.007072039830368439,-0.004201505423051311,0.09996797976318383
10.835,2.4083302044233297,1.4065730009126847,109.64404377962501,9.091300201514004,1.6721857168371295,23.443571399188343,-11.217745793866534,-3.165451228343691,86.6335732494277,-0.007072039830368439,-0.004201505423051311,0.09996797976318383
10.8375,2.060492991822025,1.4815932784967727,109.18181940177415,9.073344325668797,1.6236346662555432,23.807033414939873,-10.971002682866787,-2.735040804920567,86.51946663283034,-0.007072039830368439,-0.004201505423051311,0.09996797976318383
10.84,2.0285281417938896,1.3670354999769045,109.39100518264824,8.767855865727656,1.5734123562526467,23.93928548560968,-10.869804870211478,-2.9365067529896094,86.11682367328419,-0.007072039830368439,-0.004201505423051311,0.09996797976318383
10.8425,1.804813362688999,1.3200028184153532,109.511086764468,8.699738483398516,1.4713068964564333,24.06722273954447,-10.641920208764851,-2.788488068845282,86.12038699795391,-0.007072039830368439,-0.004201505423051311,0.09996797976318383
10.845,2.891695621169323,1.3985285204073972,109.77926032153529,8.466695843565399,1.9410219595124882,23.860147886854634,-10.983490174580622,-3.5779472719454866,86.23988641124635,-0.007072039830368439,-0.004201505423051311,0.09996797976318383
10.8475,2.6526768949364543,1.4396708794305668,109.73519521947453,8.397962466656026,1.9344968723478106,23.9843321495637,-10.863393580352007,-3.3955930862379624,86.29709500628297,-0.007072039830368439,-0.004201505423051311,0.09996797976318383
10.85,3.1664438227315723,1.4583338749820767,109.8164332347973,8.188512317436444,2.1897758094066893,23.97834707959123,-11.0541998366081,-3.879792525888647,86.08267076080996,-0.007072039830368439,-0.004201505423051311,0.09996797976318383
10.8525,2.904861016869159,1.531103060477685,109.4483101573846,7.9726609299705355,2.2407256015356047,24.36692001649557,-10.921978487124212,-3.6891749753914036,85.87053377186116,-0.007072039830368439,-0.004201505423051311,0.09996797976318383
10.855,2.7116980426464523,1.4869010711639497,109.58315846469765,7.95388934651084,2.140346757402731,24.45992957221661,-10.726163410263249,-3.555795874755648,85.87091725502043,-0.007072039830368439,-0.004201505423051311,0.09996797976318383
10.8575,2.4379861891920704,1.4926340273711685,109.38040379430434,7.7867678908217535,2.103503276235715,24.706919278292183,-10.477114463191937,-3.378510662075336,85.56573166909692,-0.007072039830368439,-0.004201505423051311,0.09996797976318383
10.86,2.240158708541519,1.4295528128395643,109.55418621818748,7.493226182853427,2.0246389654304746,24.873146975252574,-10.178009536073267,-3.3537628687344476,85.38617127515903,-0.007072039830368439,-0.004201505423051311,0.09996797976318383
10.8625,3.2687810599834286,1.4564010751237455,109.86631026672657,7.320150593348747,2.383030217535964,24.59413780257762,-10.422762290389352,-4.076350642015137,85.62864819389277,-0.007072039830368439,-0.004201505423051311,0.09996797976318383
10.865,2.4055257188715062,1.4700026699560311,109.31087436248258,7.171114403991825,2.1978247273599476,25.070571575850515,-10.088612325709777,-3.5186736112438126,85.08782255472578,-0.007072039830368439,-0.004201505423051311,0.09996797976318383
10.8675,2.35896579927805,1.4258965151380294,109.45677496119046,6.972913103573876,2.1632319008800365,25.23500828067928,-9.885648636795803,-3.5153440220375245,84.97952075767488,-0.007072039830368439,-0.004201505423051311,0.09996797976318383
10.87,2.160865032936595,1.4234469265313954,109.33877986845295,6.962844802844417,2.0563757690752307,25.268549208047276,-9.555412965650637,-3.2340058149590445,85.03020930256648,-0.007072039830368439,-0.004201505423051311,0.09996797976318383
10.8725,2.346283432363576,1.3430719225374557,109.75501128877019,6.738757658044879,2.0851915706936444,25.245958511235813,-9.485035792450251,-3.506682179999111,84.9243750204253,-0.007072039830368439,-0.004201505423051311,0.09996797976318383
10.875,2.0940025290010973,1.3805327960668254,109.45769882638253,6.476933745299095,2.0763722321630986,25.51031583014548,-9.149568058655499,-3.3117562977267503,84.79270492137377,-0.007072039830368439,-0.004201505423051311,0.09996797976318383
10.8775,1.6837773880126823,1.2670019177859433,109.64774439600977,6.2876493703445675,1.8609306570136788,25.643849516533386,-8.727963719311203,-3.107327846507914,84.63894547574318,-0.007072039830368439,-0.004201505423051311,0.09996797976318383
10.88,1.837264898823467,1.257901039388164,109.63948580697034,6.154118535434153,1.8863804291526551,25.568163932770155,-8.48059061317481,-3.1486517300631776,84.63062840041061,-0.007072039830368439,-0.004201505423051311,0.09996797976318383
10.8825,1.8221799664833829,1.2533060848232926,109.691876670323,6.000826448338476,1.8957409179872888,25.65622985232585,-8.298094108889508,-3.1393814041557566,84.61157832942705,-0.007072039830368439,-0.004201505423051311,0.09996797976318383
10.885,1.706913014762187,1.232546174138244,109.68777895589844,5.7512039559539,1.8736397634443436,25.785853827006605,-8.02956272823688,-3.0954154097038393,84.4821800923688,-0.007072039830368439,-0.004201505423051311,0.09996797976318383
10.8875,2.3302710772190793,1.2564329729594317,109.91127533511946,5.657662338742863,2.1053046494329895,25.57710509618623,-8.154922418212934,-3.5196823350400153,84.57041707139132,-0.007072039830368439,-0.004201505423051311,0.09996797976318383
10.89,2.6351507743717737,1.264607675112989,110.098329619654,5.389211567417386,2.303185136042167,25.67580417028376,-8.284335024874196,-3.934460893048423,84.52948451681125,-0.007072039830368439,-0.004201505423051311,0.09996797976318383
10.8925,1.684731813406616,1.302891348575723,109.38924166406072,5.361216544131767,2.0684671912563934,26.151806610997795,-7.82613526218762,-3.1649612787151233,84.13782811814484,-0.007072039830368439,-0.004201505423051311,0.09996797976318383
10.895,1.5944223874456045,1.2511262015777442,109.6049005834979,5.151448597220886,1.986416905225932,26.273299691322464,-7.509765324958822,-3.0931468589631486,84.08545762233322,-0.007072039830368439,-0.004201505423051311,0.09996797976318383
10.8975,3.9996597037305874,-6.863512026632939,140.00483335144452,5.726197653852571,-3.1105807231718794,18.226090379981216,-11.271998328659272,-17.35437976037581,86.83349756089352,-0.007072039830368439,-0.004201505423051311,0.09996797976318383
10.9,1.9175334186944262,5.175790776684283,91.38280597875226,4.990513624451035,5.353556736601651,29.336600007334184,-6.448382952148238,2.3358130108038297,82.82987994812338,-0.007072039830368439,-0.004201505423051311,0.09996797976318383
10.9025,1.0870151815005709,4.048563850127867,99.04879140883068,4.347315577179282,4.1008585279415435,30.749069900590243,-6.168279235718518,1.3544812281913237,83.0996160292531,-0.007072039830368439,-0.004201505423051311,0.09996797976318383
10.905,1.982266521818513,2.739289183118698,105.00760107945969,4.296574267201339,3.400447549883767,29.008952259095864,-6.851067094434815,-1.351222054013762,83.6253229474392,-0.007072039830368439,-0.004201505423051311,0.09996797976318383
10.9075,1.5764065550709534,1.9747147483880965,107.33558751038775,3.998360481170474,2.783487489595385,28.198271243384355,-6.81537952390617,-2.3708415814255397,83.31394885672475,-0.007072039830368439,-0.004201505423051311,0.09996797976318383
10.91,1.8676863750386947,1.6016755369074973,108.85060983338299,3.975960431960013,2.6109109913993387,27.53813993117859,-6.9309689899436355,-3.1866323557961675,83.33059220436853,-0.007072039830368439,-0.004201505423051311,0.09996797976318383
10.9125,2.3211171841504474,1.4315993914183314,109.59267314566273,3.757956219691195,2.659142429386383,27.198377217073542,-7.099236112865269,-3.859790162398207,83.26415157417975,-0.007072039830368439,-0.004201505423051311,0.09996797976318383
10.915,1.4094526304376431,1.2762813013780545,109.62161141971794,3.669108816049061,2.287109071648945,27.31567100211054,-6.5394206120042515,-3.409821590875335,83.0398854698265,-0.007072039830368439,-0.004201505423051311,0.09996797976318383
10.9175,2.1691923944993254,1.1325701384793356,110.54666259649458,3.353027823401065,2.412235456108409,27.076074643563132,-6.580416895581382,-4.179176984085677,83.25774329509115,-0.007072039830368439,-0.004201505423051311,0.09996797976318383
10.92,1.489653539594636,1.1448177878871006,109.92203866927268,3.3410616867208183,2.2326075618253216,27.30788122078981,-6.2539890322516705,-3.652594460863747,82.74306598159218,-0.007072039830368439,-0.004201505423051311,0.09996797976318383
10.9225,1.799536792777521,1.1821013069130664,110.12326962460627,3.0681327895590043,2.3949788903678835,27.38386342939866,-6.130797054086861,-3.885256962268997,82.79699381510645,-0.007072039830368439,-0.004201505423051311,0.09996797976318383
10.925,0.7126671295162086,1.1090817822248202,109.82640221642173,2.877516719481186,2.000510076773691,27.81665628873263,-5.377469087859817,-3.08965561066724,82.57344082667652,-0.007072039830368439,-0.004201505423051311,0.09996797976318383
10.9275,1.9984986285486899,1.1184464171396904,110.26768321157735,2.5635774098607484,2.403182118510456,27.48730676671684,-5.614907945533468,-4.036973148743284,82.64821109115854,-0.007072039830368439,-0.004201505423051311,0.09996797976318383
10.93,0.8318827442549723,1.1369192736292517,109.8634935452377,2.4090627855263937,2.0930025358747972,27.933662974567568,-4.901784705722111,-3.1523969361876043,82.51040136284877,-0.007072039830368439,-0.004201505423051311,0.09996797976318383
10.9325,2.524805998446662,1.1212377469372259,110.6710094656234,2.2898330588880036,2.5595545158887107,27.27092294929809,-5.335824244130595,-4.367188315055187,82.93833630340593,-0.007072039830368439,-0.004201505423051311,0.09996797976318383
10.935,0.9152055921821344,1.2183812427199152,109.57648925996865,2.012546702622043,2.2359023325016643,28.115715779923512,-4.566042962922702,-3.177556077327492,82.29516174177701,-0.007072039830368439,-0.004201505423051311,0.09996797976318383
10.9375,1.7642238364376783,1.0949937397607736,110.33419473419056,1.786393826524899,2.3771151181341152,27.909806052467573,-4.703339544388443,-3.913678458206933,82.3232681467411,-0.007072039830368439,-0.004201505423051311,0.09996797976318383
10.94,0.7850524502931711,1.094866904731289,109.86533353996597,1.7329402913875245,2.0864686952866967,28.307134131987482,-4.216125552195811,-3.1479507377418763,81.9835463334979,-0.007072039830368439,-0.004201505423051311,0.09996797976318383
10.9425,1.1337508638732332,1.140864248047795,109.93998355792364,1.3737350787756493,2.2437793344340062,28.350803687184808,-3.9803361564505315,-3.3393566994492527,81.95002988300963,-0.007072039830368439,-0.004201505423051311,0.09996797976318383
10.945,0.8829170469566507,1.0486260477465092,110.1561635322153,1.1998380354829894,2.100737880994209,28.4069048147811,-3.6240231842731214,-3.2549188577464734,81.92997292580367,-0.007072039830368439,-0.004201505423051311,0.09996797976318383
10.9475,0.8591006531650108,0.987060090342658,110.04807277465082,1.0738965243163299,2.0632723158781237,28.537642199566463,-3.54692722620012,-3.3202861433430995,81.51477409111861,-0.007072039830368439,-0.004201505423051311,0.09996797976318383
10.95,-0.04244447432147418,0.938402402020146,109.97743752209952,0.9473728631480723,1.7245965261275575,28.81455964400289,-2.839474815826294,-2.589335691625704,81.49832037964923,-0.007072039830368439,-0.004201505423051311,0.09996797976318383
10.9525,0.7842964770988112,0.9201688577081442,110.2996911017843,0.7492696632462601,1.9177462729112316,28.60359517409698,-2.835894126540497,-3.0985876777709382,81.65001213672288,-0.007072039830368439,-0.004201505423051311,0.09996797976318383
10.955,-0.23320525609997653,0.8817310145681754,110.01541027518188,0.5415875678686591,1.5584383716986427,28.960940521429805,-2.061096512892368,-2.2983100108806744,81.56744260220782,-0.007072039830368439,-0.004201505423051311,0.09996797976318383
10.9575,-0.4639334360924772,0.7783587936054377,110.10748954255848,0.19985774547629112,1.3794374605995836,29.17744594427615,-1.5742094765263037,-2.1424313121046277,81.24999438950893,-0.007072039830368439,-0.004201505423051311,0.09996797976318383
10.96,0.3015612287344765,0.87280220891317,110.50977140916733,-0.009526862414279655,1.7302511112777277,28.960481870820082,-1.7342894753252562,-2.6650299835431235,81.53886130085024,-0.007072039830368439,-0.004201505423051311,0.09996797976318383
10.9625,1.0985932822670714,0.8041320707447619,110.81738197217165,-0.040380309584161875,1.9821862868277922,28.6064656262773,-2.1106380662475837,-3.503164058618217,81.34294454043625,-0.007072039830368439,-0.004201505423051311,0.09996797976318383
10.965,2.6016570014718643,1.000913795792591,111.10156507713538,-0.40595335616597,2.6160758775749002,28.284799972756318,-2.3017118220140684,-4.372003052074405,82.01360803355207,-0.007072039830368439,-0.004201505423051311,0.09996797976318383
10.9675,2.198352008408339,1.136869271873336,110.42375427206825,-0.4501400221840241,2.691909459617039,28.64664632900243,-2.388187286375905,-4.075474450622366,81.68210253553096,-0.007072039830368439,-0.004201505423051311,0.09996797976318383
10.97,2.6063857010908253,1.1468417706984244,110.8119128504663,-0.727479855217497,2.9165485520613386,28.88426306074524,-2.792171722793662,-4.589063743262622,81.3020804173854,-0.007072039830368439,-0.004201505423051311,0.09996797976318383
10.9725,3.414950332288869,1.3442972699499163,110.90606686867261,-0.8355271212509258,3.3733365504463673,28.836002779188405,-3.1651619052525692,-5.04890721231447,81.62463400199931,-0.007072039830368439,-0.004201505423051311,0.09996797976318383
10.975,3.251823000812808,1.4855039217801296,110.48942292655572,-1.2121763905234495,3.562457775347361,29.313143652660543,-3.167814606196915,-4.998242570799991,81.20568341601819,-0.007072039830368439,-0.004201505423051311,0.09996797976318383
10.9775,3.9694214396668914,1.4798486111318854,110.75708151017403,-1.4758430270352165,3.901962411681309,29.34572615486384,-3.680909188361153,-5.801319578416531,80.71869629309796,-0.007072039830368439,-0.004201505423051311,0.09996797976318383
10.98,4.190037856835618,1.5076478426923705,111.07373449950035,-1.5146305903151076,4.025115556293655,29.346959052147675,-3.906964885318666,-6.034155205657818,80.83692924874956,-0.007072039830368439,-0.004201505423051311,0.09996797976318383
10.9825,4.392672651190025,1.712552625788247,110.537309971271,-1.8425123767268896,4.334271700627445,29.738804051307667,-3.9442410728640906,-6.038195166429742,80.63791904114095,-0.007072039830368439,-0.004201505423051311,0.09996797976318383
10.985,4.32642088353218,1.8080975212693355,110.4167177742514,-2.072268842820464,4.415966801180897,30.018572103354614,-3.7166350963779866,-5.867141945162897,80.71113102172141,-0.007072039830368439,-0.004201505423051311,0.09996797976318383
10.9875,4.7475755002587965,1.7396132623032061,110.95225174411232,-2.3047848763204986,4.517897356818387,29.9536355730857,-3.8451984991898236,-6.334619462580562,80.52917948019436,-0.007072039830368439,-0.004201505423051311,0.09996797976318383
10.99,4.784371368624862,1.8388497569997369,110.69260496981238,-2.413637242019878,4.623897862856718,30.0273341740968,-3.6817500994861954,-6.203091559929765,80.59244787566804,-0.007072039830368439,-0.004201505423051311,0.09996797976318383
10.9925,5.350987282888645,1.831351006315047,111.17787778372697,-2.426465355168683,4.7697364273691685,29.85141808365311,-3.8370685651491754,-6.581339892350638,80.80307991762872,-0.007072039830368439,-0.004201505423051311,0.09996797976318383
10.995,5.223025573798966,1.889663985103077,110.91403758005862,-2.7834507601990324,4.876272256979721,30.204164482450494,-3.7741046073601634,-6.568096445649512,80.40566485314567,-0.007072039830368439,-0.004201505423051311,0.09996797976318383
10.9975,5.652090535481029,1.854683239164711,111.44867897229985,-3.0698858389839843,5.015917900190975,30.087310199188174,-3.821680009932565,-7.010159209182246,80.37842040521244,-0.007072039830368439,-0.004201505423051311,0.09996797976318383
11.0,5.661456492490949,1.9031043129303713,111.60345005223678,-3.0787477792017106,4.988459169561071,29.974293817426002,-3.5384614594081656,-6.803891945704278,80.78221680112989,-0.007072039830368439,-0.004201505423051311,0.09996797976318383
11.0025,6.280194935903427,1.9369673496398772,111.80313974180544,-3.439554213040026,5.234184243399175,29.890452072575535,-3.598486691778301,-7.275384506708028,80.66228640184599,-0.007072039830368439,-0.004201505423051311,0.09996797976318383
11.005,6.081678297856133,2.0657958437938175,111.2245597371613,-3.6448466748399433,5.360143692919557,30.248979780771364,-3.471746854563166,-7.062959754523061,80.32970854767592,-0.007072039830368439,-0.004201505423051311,0.09996797976318383
11.0075,6.127747239322059,1.4048595870183747,114.20749755287846,-3.777361291411977,4.8440804721722985,29.533302512132607,-3.569717200422316,-8.042570607489203,80.53903852631744,-0.007072039830368439,-0.004201505423051311,0.09996797976318383
11.01,6.692240520014216,2.6153564455689864,109.43249140841333,-4.1740491860763935,6.009242593657135,30.79859872083331,-3.2079158029541777,-6.710396454407555,80.15983804775291,-0.007072039830368439,-0.004201505423051311,0.09996797976318383
11.0125,5.530999747949815,5.153666918344225,99.23938776486537,-4.442380223727222,7.672846911676121,34.556534357288896,-1.6766317401034225,-2.034588610390993,79.70242876666478,-0.007072039830368439,-0.004201505423051311,0.09996797976318383
11.015,5.265317124131122,8.13053127865707,87.82464654547191,-5.089836563304889,9.986919485006073,39.10279455726152,-0.38819417818795976,2.537056084160192,78.9215853024272,-0.007072039830368439,-0.004201505423051311,0.09996797976318383
11.0175,4.6059531603010475,13.823650713804529,72.87585849796885,-9.552846919620468,15.451522608980857,53.91211788512251,-1.010070992400957,7.718435756751527,77.11444523676288,-0.007072039830368439,-0.004201505423051311,0.09996797976318383
11.02,10.178059159395447,13.53850873370431,67.05609215858543,-6.651886561055123,15.340750798402697,41.58327745256235,1.2265648675043155,6.825617852818821,79.1095737591454,-0.007072039830368439,-0.004201505423051311,0.09996797976318383
11.0225,12.61859518911271,19.598056742538393,58.73164666246723,-8.4437810344235,17.577341825212596,48.455381500412045,0.3217509141398489,8.254061488992637,79.60800998336576,-0.007072039830368439,-0.004201505423051311,0.09996797976318383
11.025,15.190597131596766,26.532321381711437,51.236523339795184,-9.37982448003726,18.01847770659299,52.394183733342906,-1.254291502659456,8.077708504619254,79.73437187668469,-0.007072039830368439,-0.004201505423051311,0.09996797976318383
11.0275,18.03663240217287,31.88188335416543,45.1931979927855,-10.477661181823752,18.369955337333753,55.32586014257895,-3.6907889412519337,7.221894868741455,78.62791906596101,-0.007072039830368439,-0.004201505423051311,0.09996797976318383
11.03,19.29691183825839,36.87318023524436,39.67075854332268,-11.886684696178403,19.003158001412128,59.16823782843909,-4.671772885988673,7.173296166764774,79.24131657746265,-0.007072039830368439,-0.004201505423051311,0.09996797976318383
11.0325,20.446040717121505,39.945415762632294,35.81832199919717,-13.207700167907953,19.53291041324141,61.56064291703569,-5.7741518502164775,6.1556785970087775,77.84635883672642,-0.007072039830368439,-0.004201505423051311,0.09996797976318383
11.035,20.791219857590573,40.45472272399095,34.21199334817708,-14.080984801701451,19.869453870318125,63.2349489915357,-6.526166600132142,5.916344478128617,76.38418225589317,-0.007072039830368439,-0.004201505423051311,0.09996797976318383
11.0375,21.348582154186694,39.80501680170411,33.53787732222192,-13.989942854807449,19.92203014904321,62.029149131141565,-6.20260710869012,5.753663771734351,76.55986667849858,-0.007072039830368439,-0.004201505423051311,0.09996797976318383
11.04,21.663998543282272,40.710888794265685,34.444340038681,-14.77998290120783,20.715972928995296,64.20228605831075,-7.065843752976518,4.460952092528105,76.60992838097798,-0.007072039830368439,-0.004201505423051311,0.09996797976318383
11.0425,22.355275875296652,40.59991182143286,34.89763822366835,-15.613459763355767,21.379725127453018,64.62581739454592,-7.4244627909370795,3.275162683241493,76.7203337170249,-0.007072039830368439,-0.004201505423051311,0.09996797976318383
11.045,-218.9307825795697,-155.26477678645364,626.7810868731996,99.69036731253006,-126.48861696683818,217.42315501821332,34.54908984323248,34.588861067177625,0.3091005188329081,-0.007072039830368439,-0.004201505423051311,0.09996797976318383
11.0475,82.11737526742029,-67.91984509474432,221.57313336711277,37.79661688991447,-81.77472904899369,37.31795621228347,0.010608454056173333,0.04243780586513748,0.24754114969699081,-0.007072039830368439,-0.004201505423051311,0.09996797976318383
11.05,35.551915337344816,-89.67864944664313,267.501236226413,37.543623738714544,-70.55155782210754,36.82201430135892,0.010608454056173333,0.04243780586513748,0.24754114969699081,-0.007072039830368439,-0.004201505423051311,0.09996797976318383
11.0525,11.620284113521173,-29.543233440164975,156.1659508588992,24.71153653577428,-51.695010109148505,45.16649097994399,0.010608454056173333,0.04243780586513748,0.24754114969699081,-0.007072039830368439,-0.004201505423051311,0.09996797976318383
11.055,-16.41574513765495,-2.7455141112777826,142.50140569148436,25.099882961629135,-52.13838512136933,65.24082990811516,0.010608454056173333,0.04243780586513748,0.24754114969699081,-0.007072039830368439,-0.004201505423051311,0.09996797976318383
11.0575,-34.16301862379999,15.081969672625949,128.2782504978173,25.62380184879092,-50.91172831879146,78.57503229733945,0.010608454056173333,0.04243780586513748,0.24754114969699081,-0.007072039830368439,-0.004201505423051311,0.09996797976318383
11.06,-41.325857520366654,21.349477645160476,117.18867140734184,21.1449297676732,-41.23572633621365,88.10663962058672,0.010608454056173333,0.04243780586513748,0.24754114969699081,-0.007072039830368439,-0.004201505423051311,0.09996797976318383
11.0625,-45.90545670244676,27.638237935756187,110.42801749727639,19.112421979735487,-39.86579285714924,93.16974730914202,0.010608454056173333,0.04243780586513748,0.24754114969699081,-0.007072039830368439,-0.004201505423051311,0.09996797976318383
11.065,-49.090848360106435,31.678405348014255,108.7986369880442,19.76172605765991,-41.408715625340996,94.88682519613388,0.010608454056173333,0.04243780586513748,0.24754114969699081,-0.007072039830368439,-0.004201505423051311,0.09996797976318383
11.0675,-51.201902746402546,34.068027992735786,109.24080889371038,20.95908232801062,-42.91367322210477,96.29936011235004,0.010608454056173333,0.04243780586513748,0.24754114969699081,-0.007072039830368439,-0.004201505423051311,0.09996797976318383
11.07,-52.46492179956092,35.370216725270915,109.72683859157678,22.838515623164028,-44.91135626715795,95.78789375621037,0.010608454056173333,0.04243780586513748,0.24754114969699081,-0.007072039830368439,-0.004201505423051311,0.09996797976318383
11.0725,-53.40637532433294,37.32958955657341,109.10915325473397,23.957616687916925,-46.05653922323216,96.14119382474415,0.010608454056173333,0.04243780586513748,0.24754114969699081,-0.007072039830368439,-0.004201505423051311,0.09996797976318383
11.075,-54.11404021329051,37.435981624186596,110.53767938781185,25.649337114834044,-48.02860145889071,95.27739697924642,0.010608454056173333,0.04243780586513748,0.24754114969699081,-0.007072039830368439,-0.004201505423051311,0.09996797976318383
11.0775,-55.12026190440051,38.16954567321494,112.42496427388578,27.178236584596032,-49.68576010531756,95.5522921865794,0.010608454056173333,0.04243780586513748,0.24754114969699081,-0.007072039830368439,-0.004201505423051311,0.09996797976318383
11.08,-55.441517853914725,38.20678008626065,114.67067394899043,28.99433111832939,-51.13086191215254,94.64014555218232,0.010608454056173333,0.04243780586513748,0.24754114969699081,-0.007072039830368439,-0.004201505423051311,0.09996797976318383
11.0825,-56.09000574215816,39.07750687438498,114.99273301918653,29.974007667766625,-52.40011508245199,94.88564052349895,0.010608454056173333,0.04243780586513748,0.24754114969699081,-0.007072039830368439,-0.004201505423051311,0.09996797976318383
11.085,-56.14922432527074,39.05591233291346,115.90201297250451,31.097190680717326,-53.15693818258359,93.86998253104333,0.010608454056173333,0.04243780586513748,0.24754114969699081,-0.007072039830368439,-0.004201505423051311,0.09996797976318383
11.0875,-56.309422959332615,39.75383784945981,115.09681602890053,31.20599652244066,-53.237977172470124,94.19968503854284,0.010608454056173333,0.04243780586513748,0.24754114969699081,-0.007072039830368439,-0.004201505423051311,0.09996797976318383
11.09,-55.849716247202096,38.33219749917109,117.18818840217797,31.638127180546075,-53.36848721166275,93.46252553561541,0.010608454056173333,0.04243780586513748,0.24754114969699081,-0.007072039830368439,-0.004201505423051311,0.09996797976318383
11.0925,-55.73957382006444,38.344205138298356,118.25139293719184,31.86025704308644,-53.7349648579696,93.86518896830654,0.010608454056173333,0.04243780586513748,0.24754114969699081,-0.007072039830368439,-0.004201505423051311,0.09996797976318383
11.095,-55.447803267697175,38.37580450452239,118.05830903604901,31.788057848784884,-53.65350233388167,93.77779207519478,0.010608454056173333,0.04243780586513748,0.24754114969699081,-0.007072039830368439,-0.004201505423051311,0.09996797976318383
11.0975,-55.11169977203707,38.22891709106408,118.83833532671278,31.957417194874168,-53.84432008992892,93.48018123538998,0.010608454056173333,0.04243780586513748,0.24754114969699081,-0.007072039830368439,-0.004201505423051311,0.09996797976318383
11.1,-54.71249174929762,38.046337403359615,117.55464720837844,31.633062687532355,-53.487140866888815,93.03900913648803,0.010608454056173333,0.04243780586513748,0.24754114969699081,-0.007072039830368439,-0.004201505423051311,0.09996797976318383
11.1025,4.829976285980797,67.9908143430617,48.201555233014815,37.532613047327175,8.116499464691113,55.21756729769274,65.28754398618177,51.07457524233212,209.95754555886904,-0.007072039830368439,-0.004201505423051311,0.09996797976318383
11.105,-0.7518723773110333,52.04891247964631,57.418265518145944,36.373450082480524,-9.056021743197324,51.21309517800142,28.761764328084237,20.739402721736912,104.79079561756481,-0.007072039830368439,-0.004201505423051311,0.09996797976318383
11.1075,-14.663966628590622,44.97130709311489,74.36028000650194,39.49180329366064,-25.119063552665807,55.65571046511343,21.17334738651026,14.344951086090129,72.64458236806882,-0.007072039830368439,-0.004201505423051311,0.09996797976318383
11.11,-24.98601961221958,42.33352452024285,87.60229042135515,40.71612518515018,-34.684698508909804,61.66871251155557,19.929759380489415,14.637117161295008,60.90864361874952,-0.007072039830368439,-0.004201505423051311,0.09996797976318383
11.1125,-30.839269398930902,38.78585624113519,96.73107112521754,35.311554479017424,-37.89367455372814,69.88474830051393,15.98725081376802,11.347501934518363,46.28517614513652,-0.007072039830368439,-0.004201505423051311,0.09996797976318383
11.115,-33.8314078797515,36.59028267163608,102.43387750947349,32.345785963068614,-38.48684648319731,76.52255900744883,11.981182355120874,8.852546092705648,37.21554833307791,-0.007072039830368439,-0.004201505423051311,0.09996797976318383
11.1175,-35.384278159364904,35.31340584063095,105.41279152097609,30.299509060084443,-38.78998311239841,80.12773660672205,10.382566492652685,7.595909999720237,32.25860125272874,-0.007072039830368439,-0.004201505423051311,0.09996797976318383
11.12,-35.32009581884878,36.22016147501329,104.16070359573538,28.89045756595632,-38.3328495312545,80.4354471530971,14.59186280268579,9.062828141164308,37.27108828443529,-0.007072039830368439,-0.004201505423051311,0.09996797976318383
11.1225,-37.737495491520185,33.32925560505896,107.68444458609261,25.893778526548118,-40.21973392472927,83.33151365972007,10.972975160233357,6.331584735122524,24.635990336768337,-0.007072039830368439,-0.004201505423051311,0.09996797976318383
11.125,-37.43120412422995,33.40927443254853,108.48575812144406,25.160613345543357,-39.153644012142394,84.56270334403692,10.988925020062284,6.451885204672484,25.98850205539277,-0.007072039830368439,-0.004201505423051311,0.09996797976318383
11.1275,-36.78069378449427,33.17996598791591,108.75251535222834,24.77250578524232,-38.52167593344136,84.79932099874394,10.991727919063663,6.316855587077845,26.108221258885663,-0.007072039830368439,-0.004201505423051311,0.09996797976318383
11.13,-35.7746108455848,32.864293753485626,108.16545875065071,24.584551072542165,-37.791574679467395,84.25290191675207,10.787770442853141,6.0965652764924725,26.584929072739854,-0.007072039830368439,-0.004201505423051311,0.09996797976318383
11.1325,-35.243184520089414,32.55007384511561,108.67470434998322,24.012362563411443,-37.354498840101336,84.80477744286846,10.840996603193142,5.915128486321104,26.502014291513234,-0.007072039830368439,-0.004201505423051311,0.09996797976318383
11.135,-34.215076928005765,32.30081494021159,107.94647143882533,23.539160983029426,-36.70028399993154,84.08944285756093,11.153268185324862,5.8328683294966375,27.082532363088482,-0.007072039830368439,-0.004201505423051311,0.09996797976318383
11.1375,-35.86107282583456,32.20529649721401,107.79384268443818,16.607330112116802,-32.16278324280557,97.53131336984158,10.463639599803969,4.777298406260973,24.865213303303413,-0.007072039830368439,-0.004201505423051311,0.09996797976318383
11.14,-30.85822074574204,30.353728532479273,106.56601001830417,24.061301987505274,-36.7859292943433,76.07384320288742,11.340821822287674,4.256240005097783,27.878268248694937,-0.007072039830368439,-0.004201505423051311,0.09996797976318383
11.1425,-30.55162229425049,30.806670584891435,107.99188348633095,23.12735361174064,-35.27754538876976,81.37879059919202,11.085993959350983,4.660896942458112,28.09094864295289,-0.007072039830368439,-0.004201505423051311,0.09996797976318383
11.145,-32.71622775120258,31.26149326362299,107.37700814393364,15.693456199278016,-30.43625352582803,95.94923856713707,10.908071255028485,4.073295955980023,26.188448389841014,-0.007072039830368439,-0.004201505423051311,0.09996797976318383
11.1475,-27.89916138887492,29.19416587465306,106.21641922272623,22.621699019745378,-34.94514727472644,75.11306121371237,11.485891617819519,3.379422574571414,28.6733832097569,-0.007072039830368439,-0.004201505423051311,0.09996797976318383
11.15,-26.51317964818082,31.62978636173012,104.64002281815151,22.008999314916878,-31.901406573568806,79.57879343486532,14.91092649022292,5.855962381753918,36.92197089773791,-0.007072039830368439,-0.004201505423051311,0.09996797976318383
11.1525,-29.232086815629717,28.648835980941573,109.39982722551073,18.371015223156796,-33.88021556082354,83.73023229307083,11.61533577896321,2.99045432548021,23.25781711272937,-0.007072039830368439,-0.004201505423051311,0.09996797976318383
11.155,-28.75239774011264,28.77970025446137,109.87138226795076,17.358579244777456,-32.58828311752741,84.83897251828968,11.86958304825811,3.090558548570647,24.94693728843884,-0.007072039830368439,-0.004201505423051311,0.09996797976318383
11.1575,-27.863141413113713,28.712392687412482,109.13377616847065,16.533749343911268,-31.518075232824234,84.97648216685857,12.021483771991711,3.0494232717396565,25.603197699314478,-0.007072039830368439,-0.004201505423051311,0.09996797976318383
11.16,-27.02898716284242,28.427890940787965,109.00930760639233,15.761435297956172,-30.740542512399006,85.15685095665937,12.114729147500354,2.7972040819748742,25.792217352008343,-0.007072039830368439,-0.004201505423051311,0.09996797976318383
11.1625,-26.40008070003233,28.065817056001002,109.27013003920295,14.917488958894568,-30.059217485878165,85.57715943692946,12.13693236756825,2.4397347510934706,25.552643276836974,-0.007072039830368439,-0.004201505423051311,0.09996797976318383
11.165,-25.450244792572793,27.73740375589171,109.02677199964369,14.205896039250009,-29.421326908985478,85.20787433756958,12.296836266157715,2.179151218036741,25.728388744476923,-0.007072039830368439,-0.004201505423051311,0.09996797976318383
11.1675,-24.778123299964232,27.387373478992963,109.13872545378825,13.280952605967402,-28.64755193885648,85.70918783444918,12.2657804907186,1.7968671952023518,25.431986422375132,-0.007072039830368439,-0.004201505423051311,0.09996797976318383
11.17,-23.94286959786804,27.040089106376506,109.07827183487986,12.49782325744547,-27.891762116345863,85.5785423476072,12.369705942102119,1.4459079382227,25.413738937856685,-0.007072039830368439,-0.004201505423051311,0.09996797976318383
11.1725,-23.028456014465764,26.707556165550024,108.70503995695809,11.809332398645232,-27.246371889284017,85.23610142278558,12.501033724867147,1.1979397794128963,25.56372669723183,-0.007072039830368439,-0.004201505423051311,0.09996797976318383
11.175,-22.365521279811777,26.324313654413537,108.95023325028276,10.904490497104439,-26.497095636993084,85.75432565199534,12.481523821504538,0.7970372870032504,25.310973546485137,-0.007072039830368439,-0.004201505423051311,0.09996797976318383
11.1775,-21.50955793865242,25.90749387060495,109.00129282016871,10.124698629384524,-25.907942582103686,85.65720914770243,12.54998627490316,0.4106064284070873,25.219785069616925,-0.007072039830368439,-0.004201505423051311,0.09996797976318383
11.18,-20.803714125630087,25.665463123671792,108.94476872324779,9.213419997986595,-24.99256817827974,86.13294795577085,12.602209556920526,0.16083379236858325,25.165579031630642,-0.007072039830368439,-0.004201505423051311,0.09996797976318383
11.1825,-19.965541862387933,25.171809851739045,109.11140416238838,8.405662368771075,-24.45362595975217,85.91838519272797,12.683376131910611,-0.30250284637677,24.936766102351918,-0.007072039830368439,-0.004201505423051311,0.09996797976318383
11.185,-19.17958133660475,24.761909892793167,109.21349875267599,7.662203096824332,-23.89990654153839,85.95229531409886,12.776973624263613,-0.6460828858680489,24.8982129487353,-0.007072039830368439,-0.004201505423051311,0.09996797976318383
11.1875,-18.43828455180832,24.455954762850926,109.15649020322144,6.814356897737983,-23.082588274774057,86.19677251330492,12.776237276096376,-0.9423191219040848,24.741828227949235,-0.007072039830368439,-0.004201505423051311,0.09996797976318383
11.19,-17.64060995111141,24.02273207134416,109.26666844934182,6.056998515843195,-22.522393146588502,86.04452357633942,12.856261295155692,-1.327207469063055,24.575894015819145,-0.007072039830368439,-0.004201505423051311,0.09996797976318383
11.1925,-16.837909626631376,23.676435874387593,109.20531761029619,5.1457978834504114,-21.700056382628564,86.28637225571025,12.919116480182144,-1.6747347630397842,24.537361625048632,-0.007072039830368439,-0.004201505423051311,0.09996797976318383
11.195,-16.139227613374768,23.3044194660414,109.39396076892501,4.299271651384111,-21.038608447654788,86.66111808983605,12.887866886378825,-2.0164624996267535,24.307700752334625,-0.007072039830368439,-0.004201505423051311,0.09996797976318383
11.1975,-12.902607571082283,25.07873668490803,105.48756712755772,5.396565950610977,-17.930814354075274,84.45617995057194,15.348887124888462,-0.45620279461145063,34.36038239017963,-0.007072039830368439,-0.004201505423051311,0.09996797976318383
11.2,-15.319636796202406,21.250257092718172,110.01992872524907,1.9730027082477353,-20.7964031121693,86.75763508411241,12.049250994482083,-3.808992803179365,19.114850173894098,-0.007072039830368439,-0.004201505423051311,0.09996797976318383
11.2025,-14.568806100894372,21.442777824960384,110.29264422285199,1.1860664600898287,-19.524149075359585,87.4590448756735,12.305645767444165,-3.699531933826248,21.254829346816557,-0.007072039830368439,-0.004201505423051311,0.09996797976318383
11.205,-11.294268538664845,23.562835465884053,106.57080604989936,2.444693120318938,-16.28919217189228,85.70028155426725,14.935304058069255,-1.9195872182507656,32.042178192449086,-0.007072039830368439,-0.004201505423051311,0.09996797976318383
11.2075,-13.355780912238352,20.09384594725362,110.496375277593,-0.7896709327977023,-18.67569462742524,87.75136353356895,11.984765186022168,-4.966494120642389,18.210869482905316,-0.007072039830368439,-0.004201505423051311,0.09996797976318383
11.21,-10.358527458398303,22.368594961704453,107.155994400328,0.23488807267878553,-15.22977348534949,86.49869871198572,14.48412238422122,-3.1364024937089954,29.663867528735203,-0.007072039830368439,-0.004201505423051311,0.09996797976318383
11.2125,-12.137242892599252,19.292879612761904,110.8236703360086,-2.5478960299482356,-17.443003024695447,88.30506370368491,11.867042149197387,-5.734172190139455,17.45156226135255,-0.007072039830368439,-0.004201505423051311,0.09996797976318383
11.215,-11.20746015489377,19.586190510318275,110.94869446545735,-3.0098009983435277,-16.307123531174582,88.63811633660231,12.390432122930502,-5.470018955036313,20.170171497645335,-0.007072039830368439,-0.004201505423051311,0.09996797976318383
11.2175,-9.960169786045176,19.66763213565385,110.12958762381324,-3.501734651560024,-15.057701467388716,88.30134820009778,12.838491203215083,-5.451964650459128,21.6706673723153,-0.007072039830368439,-0.004201505423051311,0.09996797976318383
11.22,-9.015194046082986,19.497590768660846,109.90719737501557,-3.908578087126883,-14.312627031067256,88.05549462181597,13.087944700354761,-5.571983612350966,22.355133128443498,-0.007072039830368439,-0.004201505423051311,0.09996797976318383
11.2225,-8.16959869725245,19.293760472104662,109.70078064708507,-4.396000039427987,-13.644328838428155,87.89265472757401,13.258916223502201,-5.71801242681924,22.81958874391259,-0.007072039830368439,-0.004201505423051311,0.09996797976318383
11.225,-7.454566463869493,18.953890206043415,109.55326782713105,-5.162201061737924,-12.86091639555178,88.06017395241142,13.249980073847812,-6.036895633020763,22.68128959030028,-0.007072039830368439,-0.004201505423051311,0.09996797976318383
11.2275,-6.607898565246178,18.576078164655975,109.61873527748766,-5.690203137309946,-12.362868421276403,87.65987366460847,13.401024425429897,-6.342720421057068,22.88713413309209,-0.007072039830368439,-0.004201505423051311,0.09996797976318383
11.23,-5.930905630030001,18.37268741066793,109.17684474355319,-6.493251608203262,-11.36246852997487,88.14392470717387,13.351076930524288,-6.573016022644098,22.96501752139234,-0.007072039830368439,-0.004201505423051311,0.09996797976318383
11.2325,-5.140987789824518,17.90982938509889,109.55530770998907,-7.1843158240993175,-10.83171891829337,88.06373849845139,13.330631681261963,-7.0126465953438695,22.799561035615625,-0.007072039830368439,-0.004201505423051311,0.09996797976318383
11.235,-4.439647233060599,17.5993641713427,109.13639631607593,-7.884776481127167,-10.013137617487718,88.1361114727971,13.210556051074372,-7.281648326856539,22.652964930155918,-0.007072039830368439,-0.004201505423051311,0.09996797976318383
11.2375,-3.711266783605877,17.22998513682109,109.16225334249701,-8.490557499261543,-9.34285369550944,88.18423404927537,13.193079471317256,-7.607898389829755,22.65804153513745,-0.007072039830368439,-0.004201505423051311,0.09996797976318383
11.24,-3.013123307932674,16.856871653165477,109.39001710981498,-9.209920594249594,-8.683738323559997,88.42666766835768,13.12921280958857,-7.960470439240833,22.48619262505619,-0.007072039830368439,-0.004201505423051311,0.09996797976318383
11.2425,-2.268718740424061,16.487842972317264,109.14170303011473,-9.872372386616274,-7.964343860930553,88.3452783865903,13.06321852568938,-8.280500637016022,22.39490092914823,-0.007072039830368439,-0.004201505423051311,0.09996797976318383
11.245,-1.7471470362837116,16.08582124934207,109.72238369066113,-10.608646796170843,-7.401698604137725,88.90284071763271,12.939785691592515,-8.649057280753091,21.935912197853824,-0.007072039830368439,-0.004201505423051311,0.09996797976318383
11.2475,-1.0407298356872579,15.993482968060455,108.93565813177592,-10.054181504006733,-6.282121784576812,88.9458609037388,11.38878892932841,-8.938495756441991,22.446945572471336,-0.007072039830368439,-0.004201505423051311,0.09996797976318383
11.25,-1.0152697581810546,15.643381389877609,109.05975127793099,-10.041824253208697,-6.216935027618682,89.19980212507134,11.086317272743138,-9.03339487771931,21.74388431186791,-0.007072039830368439,-0.004201505423051311,0.09996797976318383
11.2525,0.01688233780244975,15.206674285611104,109.51237297813286,-10.606358048967863,-5.634277631199726,89.20847333997723,11.117389793290423,-9.456095343907144,21.67325643354598,-0.007072039830368439,-0.004201505423051311,0.09996797976318383
11.255,-0.8034230694479892,15.140070418933304,109.47970316964829,-10.15329833270582,-5.839337700268201,89.67952162139963,10.586702776785135,-9.186088647236485,21.256833903298798,-0.007072039830368439,-0.004201505423051311,0.09996797976318383
11.2575,-1.1704349289331875,15.105584322205889,109.08042045243198,-9.702893286859837,-6.073539649185283,89.54358870071803,10.589687180787255,-8.785540714836618,21.1510210803988,-0.007072039830368439,-0.004201505423051311,0.09996797976318383
11.26,-1.5255237825742434,14.95424301189729,109.5084458110436,-9.231983411776655,-6.412730378473408,89.86967614974948,10.325147055120308,-8.564463034648972,20.839137859553084,-0.007072039830368439,-0.004201505423051311,0.09996797976318383
11.2625,-0.7311992317616581,14.583063412903552,109.93548192442195,-9.269103366508958,-6.092726821317387,89.85031147136134,10.061136824527747,-8.8697515244455,20.792945668079803,-0.007072039830368439,-0.004201505423051311,0.09996797976318383
11.265,-1.4965400889983727,14.75550552050045,109.1085361464428,-8.93787475466588,-6.050514473567375,90.18085460207377,9.906274983093112,-8.329457148520637,20.72164594689552,-0.007072039830368439,-0.004201505423051311,0.09996797976318383
11.2675,-1.5450592368446365,14.594270501970746,109.23934740578594,-8.352757230999977,-6.286568377290082,89.88354895334514,9.716895204631363,-8.154632618843642,20.7545407675172,-0.007072039830368439,-0.004201505423051311,0.09996797976318383
11.27,-1.642409517336424,14.468133662402007,109.38416486978444,-7.821660036776957,-6.391500861236457,90.0074028243674,9.365946314174861,-7.992245598865302,20.633089110435535,-0.007072039830368439,-0.004201505423051311,0.09996797976318383
11.2725,-1.1268223357876788,14.250350037447605,109.68618571537766,-7.985416210306689,-5.987433298216667,90.39869206318775,9.171628724356871,-8.141434083158467,20.554965085932416,-0.007072039830368439,-0.004201505423051311,0.09996797976318383
11.275,-2.079581155556729,14.203527764951847,109.62450648160171,-7.246178693323381,-6.678639696521671,90.24221542734658,9.064074620153223,-7.685281188369318,20.289738284391298,-0.007072039830368439,-0.004201505423051311,0.09996797976318383
11.2775,-1.8260823973537592,14.137056185919349,109.24843979812361,-6.96499474666866,-6.4397925433577985,90.21672583332031,8.797955835365903,-7.552526494828809,20.36977245024051,-0.007072039830368439,-0.004201505423051311,0.09996797976318383
11.28,-1.6586327854655116,13.842791535029287,109.81748828395067,-6.562540756431559,-6.693784313240883,89.95213134396376,8.665265768297388,-7.5995969579555895,20.35399318926781,-0.007072039830368439,-0.004201505423051311,0.09996797976318383
11.2825,-1.4146811099643781,13.768286088541421,109.96481298477042,-6.750936493842883,-6.151913145160586,90.78788105645204,8.34056134640935,-7.661850181100864,20.14319094515138,-0.007072039830368439,-0.004201505423051311,0.09996797976318383
11.285,-2.4460148227133742,13.864203171435292,109.15670230063445,-5.9979414901006685,-6.603289545171262,90.58028361310963,8.045752567008494,-7.104544552234213,19.972330541347468,-0.007072039830368439,-0.004201505423051311,0.09996797976318383
11.2875,-1.0712887375796445,13.529361366224272,109.49136007847635,-6.328974381878991,-5.802890787079834,90.54642024167357,7.882919759154547,-7.565149642256414,20.19331945327764,-0.007072039830368439,-0.004201505423051311,0.09996797976318383
11.29,-3.0640167085457533,15.290719747307188,109.17944008156257,-14.71484781290762,1.1478587728738516,112.12154535679774,6.044269957220876,-7.525860385656004,17.60891460667606,-0.007072039830368439,-0.004201505423051311,0.09996797976318383
11.2925,-1.7341417590747787,11.14794609007013,108.08764720298608,-3.703861136570314,-10.45710387322575,77.38376251087338,8.396571627121372,-8.56077951464246,19.48559665973142,-0.007072039830368439,-0.004201505423051311,0.09996797976318383
11.295,-3.655683454278999,14.814509001753692,108.81391225558335,-10.722214398001858,-2.6416310923381654,105.54506661039807,7.353103746710417,-6.412441437889994,18.751436046413772,-0.007072039830368439,-0.004201505423051311,0.09996797976318383
11.2975,-0.7403197742821759,11.444029702744208,107.31766774614783,-2.1386285041518454,-10.947442340951893,75.71062588162431,9.76386519246704,-7.56259552187651,21.69551722491564,-0.007072039830368439,-0.004201505423051311,0.09996797976318383
11.3,-1.75656335763798,13.275005508232733,108.27782973982593,-1.960824212107996,-8.802001049525986,85.2927422612086,9.21637914228849,-5.638376126849187,22.2330407034908,-0.007072039830368439,-0.004201505423051311,0.09996797976318383
11.3025,-2.2534311333808423,13.422098645461526,109.06064812431198,-2.291656195122935,-7.791993977964345,88.70584128177995,7.852368815728482,-5.608738036651936,21.341484004686208,-0.007072039830368439,-0.004201505423051311,0.09996797976318383
11.305,-2.74593903233611,13.284934164922118,109.47069274663448,-2.3191529804708058,-7.487727569331276,90.0620485758279,6.865559948190857,-5.699685257080141,20.397024024339174,-0.007072039830368439,-0.004201505423051311,0.09996797976318383
11.3075,-1.4969035450864099,12.847370796195849,109.74946961849263,-2.9038450623901806,-6.3539424737869465,90.72573145343594,5.925648196152358,-6.524644339330432,19.95910666832625,-0.007072039830368439,-0.004201505423051311,0.09996797976318383
11.31,-1.757959290597303,12.763483191471972,109.37481660489767,-3.1730793011114646,-6.093122344063621,90.92447324721594,5.8170009769844615,-6.486119556995055,19.592036715924337,-0.007072039830368439,-0.004201505423051311,0.09996797976318383
11.3125,-1.1403545307572054,12.394716669922708,110.07108904721784,-3.4705521653761298,-5.786195487440709,91.20815786052118,5.404296169204455,-6.958537402028868,19.276465505446126,-0.007072039830368439,-0.004201505423051311,0.09996797976318383
11.315,-0.6814476985577606,12.259334072404402,109.64156239286011,-3.9409690810426135,-5.080538340474116,91.41061530340004,5.205774764869756,-7.191943815820315,19.108131693291668,-0.007072039830368439,-0.004201505423051311,0.09996797976318383
11.3175,0.04648243640274778,11.90272525738834,110.01703307073402,-4.353020061509833,-4.4905471085731925,91.3965481969627,4.8840837988097645,-7.703743320587866,18.872474290074123,-0.007072039830368439,-0.004201505423051311,0.09996797976318383
11.32,-2.320138088744365,13.633818380593983,110.04837361687447,-12.114479405152165,1.596187644278797,112.31901235223825,3.156282112441806,-7.504916962608137,16.125162021742604,-0.007072039830368439,-0.004201505423051311,0.09996797976318383
11.3225,-1.2523905458905216,10.002930471289142,107.67502937307547,-1.7431974981224914,-8.764894543893519,79.66974575425303,4.711457758962089,-8.32350143184713,17.867557624796866,-0.007072039830368439,-0.004201505423051311,0.09996797976318383
11.325,-4.993486405731256,5.224008212863702,136.3923551563389,2.1805878964031358,-22.07082983089585,91.88717754053563,6.518463360218859,-9.54833165656153,11.502012491169838,-0.007072039830368439,-0.004201505423051311,0.09996797976318383
11.3275,-0.8534584892888997,15.909079855661414,89.8148331276547,-2.2618003059275495,0.9936178227491347,88.70957365111347,3.679552506787586,-3.407386154254502,23.13486480718435,-0.007072039830368439,-0.004201505423051311,0.09996797976318383
11.33,-2.731819374088977,14.65762786809683,99.83527939085218,-1.2790406604168418,-1.956995388490933,91.39559112764223,3.6192873422076315,-4.071648964897608,22.53608086354044,-0.007072039830368439,-0.004201505423051311,0.09996797976318383
11.3325,-2.1852332486749404,13.35664540005627,105.05521030949794,-0.41995055326618563,-3.9729055252655114,91.87466952238074,3.1486112121111995,-5.028097781835945,21.003101306498785,-0.007072039830368439,-0.004201505423051311,0.09996797976318383
11.335,-1.1171573457465798,12.413616351306636,107.60279344082602,-0.5782662986879206,-4.411742842397853,91.91672117331656,2.820818799267945,-5.999711544712853,19.875740033777817,-0.007072039830368439,-0.004201505423051311,0.09996797976318383
11.3375,-1.0206718741611045,12.03032290104087,108.63071400820002,-0.9096762833306958,-4.427383229191567,92.2338791364256,2.697762791130512,-6.336807164892732,18.99253142525977,-0.007072039830368439,-0.004201505423051311,0.09996797976318383
11.34,-0.026980446863385982,11.33076085406249,110.14891135318622,-1.2946182752227167,-4.559277903044991,91.9319063890118,2.522355303829639,-7.117495792836802,18.332992073444835,-0.007072039830368439,-0.004201505423051311,0.09996797976318383
11.3425,0.9221637332096017,11.079558968986065,109.87689648569105,-2.072471913290483,-3.521611612293684,92.14244842383063,2.1820287612677087,-7.6576071933204,18.178856349839634,-0.007072039830368439,-0.004201505423051311,0.09996797976318383
11.345,0.2086450588305949,10.992481894603971,110.08403784248368,-1.991769959390601,-3.640117084670826,92.59829567279854,1.9019489236572256,-7.58135833967897,17.522766596294424,-0.007072039830368439,-0.004201505423051311,0.09996797976318383
11.3475,1.119003389102937,10.720412430146837,109.88152250012443,-2.6454016958412554,-3.0290863212764654,92.66256046655167,1.839203774618658,-7.972027243503385,17.420523571154128,-0.007072039830368439,-0.004201505423051311,0.09996797976318383
11.35,0.99403388090455,10.662710717033837,109.67446475275085,-2.4126638219017833,-2.7873076933444945,92.81952249683121,1.3210821061188083,-7.966499753672451,17.320406163572372,-0.007072039830368439,-0.004201505423051311,0.09996797976318383
11.3525,1.3414335502685575,10.34424110244297,110.27987715330435,-2.6872716307042355,-2.799251232845097,93.34039739648054,1.1237688047866532,-8.254728403405181,16.945877096029598,-0.007072039830368439,-0.004201505423051311,0.09996797976318383
11.355,2.1236428669450818,10.291652169956167,109.78828889190986,-3.3113289080432966,-1.6214009745335787,93.92957919768453,0.7400334680080028,-8.581204674524022,16.995545408804922,-0.007072039830368439,-0.004201505423051311,0.09996797976318383
11.3575,2.421962898436794,10.080719369338292,109.79868548292507,-3.4464927255475333,-1.2791034216350057,93.7895513546644,0.4457846246399158,-8.823778465704594,16.775066771544147,-0.007072039830368439,-0.004201505423051311,0.09996797976318383
11.36,1.6689230709198672,10.04320297467262,109.8462880515834,-2.955749802598533,-1.6810497982697454,94.0355494768567,0.1274822817709937,-8.575565260007574,16.363294415316453,-0.007072039830368439,-0.004201505423051311,0.09996797976318383
11.3625,2.4406472576961393,9.879875387918737,109.59074640759528,-2.8353007351903634,-1.2699047596956614,93.56676123424621,-0.04203043607307419,-8.750570757262283,16.527736377292513,-0.007072039830368439,-0.004201505423051311,0.09996797976318383
11.365,2.4156008763760397,9.79499817000549,109.82555384062952,-2.6056502386052185,-1.1591384390609574,94.0008435706784,-0.45738070234329264,-8.76027726068962,16.42208978448199,-0.007072039830368439,-0.004201505423051311,0.09996797976318383
11.3675,2.9395393681268893,9.5727798437468,109.97673138651736,-2.592005704644732,-0.9003296328619695,93.94368237623236,-0.7235276073265278,-8.999078521948778,16.34686596026298,-0.007072039830368439,-0.004201505423051311,0.09996797976318383
11.37,3.06013643558689,9.487042494684887,109.83882072195854,-2.259979201733242,-0.7355344680920223,93.72649486272635,-1.0860504009804024,-9.012738548667693,16.31716690330613,-0.007072039830368439,-0.004201505423051311,0.09996797976318383
11.3725,3.1855109734157017,9.390503873470767,109.76054626465978,-2.0373126030597,-0.6391290980391258,93.78496221366221,-1.3264432813117872,-9.009717901453703,16.27757561259051,-0.007072039830368439,-0.004201505423051311,0.09996797976318383
11.375,3.6109213539760154,9.30756823218251,109.58876438767726,-2.0796631888652124,-0.1001012769110689,94.06516517805993,-1.6672938820236152,-9.131176650640537,16.342576781151948,-0.007072039830368439,-0.004201505423051311,0.09996797976318383
11.3775,3.723611966675906,9.130824428103102,109.5814636336544,-1.9085174823592954,-0.086949850131364,93.9170211946989,-1.9121354415941418,-9.177868614475685,16.236746694334066,-0.007072039830368439,-0.004201505423051311,0.09996797976318383
11.38,3.8914319285113828,8.966833547320103,109.81824788627559,-1.6449481088000282,0.02354940617169387,93.98743481511458,-2.267171850462889,-9.246215968749587,16.1184552167961,-0.007072039830368439,-0.004201505423051311,0.09996797976318383
11.3825,4.260299173065677,8.870405479944992,109.59141244248636,-1.6769657151820716,0.5119904560936177,94.2172122582739,-2.567306848169244,-9.326498956142292,16.12135316345053,-0.007072039830368439,-0.004201505423051311,0.09996797976318383
11.385,3.4213112054812265,8.85006543735759,109.68237471470815,-0.9521685667084571,-0.06106374041410762,94.20644030228132,-2.8339922025054767,-9.00818301132447,15.774174607785225,-0.007072039830368439,-0.004201505423051311,0.09996797976318383
11.3875,4.257700500379883,8.741562009949801,109.31876580845056,-1.0117797387402756,0.6533324645509074,94.3116210131135,-3.155487616033233,-9.158419290983462,16.017570814016466,-0.007072039830368439,-0.004201505423051311,0.09996797976318383
11.39,3.5592320129380703,8.699566189327356,109.538776188414,-0.4863506065178242,0.2529508002031312,94.51066844894271,-3.3730543237433714,-8.910357048358712,15.686711233582047,-0.007072039830368439,-0.004201505423051311,0.09996797976318383
11.3925,-1.1375825766145506,3.5283834978022144,130.1548088485026,3.7999760934832385,-12.604177329721614,98.35669171417744,-3.264656385023681,-10.554737030993838,9.171345866525135,-0.007072039830368439,-0.004201505423051311,0.09996797976318383
11.395,2.5049465491810756,12.028117422356315,94.4971748154786,0.3395368509291752,4.608987962541457,93.48256256635517,-4.081801480343156,-5.87770403509696,18.5677181404619,-0.007072039830368439,-0.004201505423051311,0.09996797976318383
11.3975,2.6526407413325876,10.66498322212501,102.15495331719544,1.2777616561560468,2.9418603769847,94.24721689392307,-4.573831300690689,-6.979230363536783,18.547632015260056,-0.007072039830368439,-0.004201505423051311,0.09996797976318383
11.4,2.4639275388221997,9.714293140486097,106.3430812896186,2.4310946270976688,0.945871918958983,94.45304884721146,-4.826667837213675,-7.362070927523931,17.32555507519689,-0.007072039830368439,-0.004201505423051311,0.09996797976318383
11.4025,1.998048272752692,9.238762022154113,108.06537691349469,3.131211418294748,-0.3343136441340691,94.75370418467766,-4.966538800479783,-7.3324911738707295,16.35350182843898,-0.007072039830368439,-0.004201505423051311,0.09996797976318383
11.405,2.6506321006923312,8.700837680593255,109.39852149259173,3.388371864486538,-0.6506038444851975,94.60719834519905,-5.283443350480782,-7.718132843986508,15.876692417711277,-0.007072039830368439,-0.004201505423051311,0.09996797976318383
11.4075,3.1765144110701216,8.510858509129152,109.14902390868207,3.1956756379233426,-0.151194042469781,94.66616269205333,-5.532764542268228,-7.912695391220839,15.782136277878157,-0.007072039830368439,-0.004201505423051311,0.09996797976318383
11.41,4.180773694346768,7.922810769698231,110.26349419489696,2.9363622794412874,0.11732945501041127,94.44027392565422,-5.851873728524007,-8.552999939306051,15.451083263873786,-0.007072039830368439,-0.004201505423051311,0.09996797976318383
11.4125,4.403969703145549,7.762390699072983,109.65405795716468,2.785046063606313,0.6270046682089991,94.39815942803756,-6.15950992844923,-8.693183210599122,15.384450200350846,-0.007072039830368439,-0.004201505423051311,0.09996797976318383
11.415,3.8597496196914745,7.761181906785268,109.80140739957805,2.7814065385441538,0.6898514825872076,95.25369999283946,-6.376299138169363,-8.517631461546332,14.92844527842979,-0.007072039830368439,-0.004201505423051311,0.09996797976318383
11.4175,4.699421926965169,7.386437013817529,110.0009614460606,2.5994897324386907,1.089430322274104,95.12582307490533,-6.734236193722841,-8.88348754216235,14.84435862021119,-0.007072039830368439,-0.004201505423051311,0.09996797976318383
11.42,5.433128026325591,6.57494150339438,110.10619243328007,2.295159296461841,1.9046981798240772,95.09391047031774,-6.987655240028633,-8.85608250251081,14.751722292930447,-0.007072039830368439,-0.004201505423051311,0.09996797976318383
11.4225,5.085274139955577,6.421628639663785,110.14609919884364,2.4272399322059193,1.915208255576898,95.43855552337986,-7.381320202613665,-8.855166332121948,14.396194065289842,-0.007072039830368439,-0.004201505423051311,0.09996797976318383
11.425,5.509083200875058,6.157740337012591,109.5518331025755,2.222165589610402,2.6191144947620355,95.56247372358189,-7.578631017985632,-8.738866544852797,14.444199770122792,-0.007072039830368439,-0.004201505423051311,0.09996797976318383
11.4275,5.539680887992633,6.073561998062462,109.38859073446518,2.237665979235779,2.903924884310969,95.82719349823535,-7.878633648170994,-8.718113476555503,14.379060591674827,-0.007072039830368439,-0.004201505423051311,0.09996797976318383
11.43,5.481649448514841,5.784239067092299,109.77052584747268,2.266704894395977,2.86065041832426,96.1051716375302,-7.959457820802457,-8.631816796561726,14.068735614027668,-0.007072039830368439,-0.004201505423051311,0.09996797976318383
11.4325,6.20603193471225,5.145633279708256,109.90048256527182,2.243932293283023,3.249842683418448,95.75649612076346,-8.194045410244339,-8.600526148470292,14.125337080025949,-0.007072039830368439,-0.004201505423051311,0.09996797976318383
11.435,6.356510583815154,4.873738640679652,109.88132672915116,1.9818637662385927,3.73903091129618,96.31039468899634,-8.283911505126753,-8.523633619572179,14.021283103109413,-0.007072039830368439,-0.004201505423051311,0.09996797976318383
11.4375,5.761120305065207,5.044326509907224,109.81397491041503,2.27751194661853,3.244339641703669,96.19254873107117,-8.356896502568583,-8.503775989371588,13.689009334372921,-0.007072039830368439,-0.004201505423051311,0.09996797976318383
11.44,6.297931108244942,4.670599284085692,109.964368276338,2.2786308069000936,3.522894972845796,96.12647923233905,-8.418066849520763,-8.421894448697795,13.754046754096775,-0.007072039830368439,-0.004201505423051311,0.09996797976318383
11.4425,6.761215418855856,4.353355644171118,109.73816363437786,1.8726033094536843,4.166377109798724,96.37259246641791,-8.347725891837332,-8.350789204278492,13.859025316626456,-0.007072039830368439,-0.004201505423051311,0.09996797976318383
11.445,6.823579669129265,4.130094139141963,109.72544218058678,1.7355694752490334,4.254633579744517,96.29050839108051,-8.341979301622642,-8.34443058133601,13.763948355018586,-0.007072039830368439,-0.004201505423051311,0.09996797976318383
11.4475,6.517598604889453,4.168381795449749,109.83302144663332,1.8574835870830573,3.9913174698073615,96.37965851411934,-8.31124381272656,-8.313205016978591,13.561699168061113,-0.007072039830368439,-0.004201505423051311,0.09996797976318383
11.45,6.6145378937122565,4.182827986107449,109.45096625318136,1.7084383073404392,4.280407492752394,96.51365725196808,-8.199018210907912,-8.200586999817332,13.582559281707384,-0.007072039830368439,-0.004201505423051311,0.09996797976318383
11.4525,6.70786436029594,3.9361369611761576,109.60798722481633,1.5450612485807527,4.375042996271552,96.69620922873685,-8.156101333096819,-8.157355885471421,13.449873734493673,-0.007072039830368439,-0.004201505423051311,0.09996797976318383
11.455,5.143811756424879,5.306350144175538,110.2835698123386,-3.647303383280389,8.330193004085084,111.64633423422757,-7.554192071098701,-7.555195508544458,12.347225883842077,-0.007072039830368439,-0.004201505423051311,0.09996797976318383
11.4575,6.121734940163271,2.032440713753692,107.96486763626821,2.5508467978889082,1.545757524934638,87.71790737872757,-8.854693682760447,-8.855494818643814,12.291265663620392,-0.007072039830368439,-0.004201505423051311,0.09996797976318383
11.46,6.899568484221917,3.489791258514857,109.60767252777725,3.333596633805141,2.745072274856558,93.72380287257447,-8.066876537759578,-7.956202275537466,13.410129956030692,-0.007072039830368439,-0.004201505423051311,0.09996797976318383
11.4625,6.19528679808924,3.9504486216052643,109.93872963189949,3.0787221890664287,3.221702858054029,96.22523391212765,-7.985634945619765,-7.434817973408723,13.500782367027545,-0.007072039830368439,-0.004201505423051311,0.09996797976318383
11.465,6.530022127739883,3.8162146238841808,109.8944297181762,2.724367904538233,3.6008743707515802,96.26212615582935,-7.935463289909018,-7.587278134422759,13.470968103434883,-0.007072039830368439,-0.004201505423051311,0.09996797976318383
11.4675,7.068100929530627,3.819151243795975,109.08753307513467,1.7751489322525047,4.720590776130168,96.89850985128449,-7.837863015047642,-7.747195137769897,13.583563295453866,-0.007072039830368439,-0.004201505423051311,0.09996797976318383
11.47,6.8192056689237255,3.4748265452289977,109.60035093177753,1.4702339963619897,4.619706766660301,97.13317780860818,-7.8081681639260605,-7.8078052534506295,13.09668328225972,-0.007072039830368439,-0.004201505423051311,0.09996797976318383
11.4725,7.170156077680954,3.0260474283005965,109.53769489837107,0.8993192842011503,5.13678720206324,97.40611822549842,-7.682319810043418,-7.682027631968924,12.927251494307102,-0.007072039830368439,-0.004201505423051311,0.09996797976318383
11.475,7.491676113884247,2.498278249820522,109.71697492974417,0.7304340563094069,5.38049202422458,97.39521600198167,-7.626748854258452,-7.626513300121783,12.834150181544976,-0.007072039830368439,-0.004201505423051311,0.09996797976318383
11.4775,6.48151961475761,2.5733247006448177,110.30482335255635,0.5062474488981716,4.821393746274368,98.16878290231648,-7.589948024627483,-7.589757905364243,12.149965970770234,-0.007072039830368439,-0.004201505423051311,0.09996797976318383
11.48,7.049241881054707,2.223627834818758,110.03161313065185,0.568079090539271,4.984661755139636,97.78217921350182,-7.420548883605463,-7.420395180400428,12.169024513699211,-0.007072039830368439,-0.004201505423051311,0.09996797976318383
11.4825,6.2843805857519,2.629518702035226,110.16230131200274,0.7351382549988116,4.61077022007391,98.38313155309659,-7.382078526838362,-7.381953975098845,11.919917146622888,-0.007072039830368439,-0.004201505423051311,0.09996797976318383
11.485,6.871107262337579,2.215150252944187,109.72038587731578,0.32009575151951575,5.1130159260202825,98.0509207829926,-7.298884795687174,-7.298783600572161,11.942777551179605,-0.007072039830368439,-0.004201505423051311,0.09996797976318383
11.4875,5.81494476551072,2.5730170914084676,109.90139828549225,0.5590378011400055,4.6278624113436555,98.66660264078135,-7.260635750531722,-7.150865450730356,11.593570396566419,-0.007072039830368439,-0.004201505423051311,0.09996797976318383
11.49,5.295345443835392,2.5391415934528228,110.01283885629104,0.48001117135059923,4.263898909154434,98.91220199278749,-7.1672866293935735,-6.961108844755213,11.177168842324805,-0.007072039830368439,-0.004201505423051311,0.09996797976318383
11.4925,5.116996163110481,2.647264393125861,109.82622212792722,1.0602007816330603,4.015449243623543,98.98701594706375,-7.029323465876382,-6.635525433155451,11.21823710389497,-0.007072039830368439,-0.004201505423051311,0.09996797976318383
11.495,5.12770456380677,2.5833184711362893,109.97524494108863,0.5696467019964132,4.294383883183365,99.48324719802585,-6.961832062106391,-6.679009124563045,11.016284544848121,-0.007072039830368439,-0.004201505423051311,0.09996797976318383
11.4975,4.618807544673495,2.547989153640257,110.01885798639134,1.2912320042851038,3.6175009724773615,99.08203310898138,-6.94758099053707,-6.3950001683517135,10.918187648238591,-0.007072039830368439,-0.004201505423051311,0.09996797976318383
11.5,4.402314098114622,2.5761586952052857,109.641789125079,0.537012409905964,4.02429708407693,99.63788670008066,-6.871874364771885,-6.3797594545206,10.618309640847231,-0.007072039830368439,-0.004201505423051311,0.09996797976318383
11.5025,4.408497444290251,2.4578940607396045,109.87074600873794,1.0120307486386493,3.6634707130399886,99.27697189516806,-6.789017384052458,-6.299245382830673,10.550613346713112,-0.007072039830368439,-0.004201505423051311,0.09996797976318383
11.505,3.9158625455464313,2.588889295242883,109.8741120529304,1.4893657859943956,3.33597349153727,99.68035455037277,-6.741031063659254,-5.933649026727505,10.521390169642862,-0.007072039830368439,-0.004201505423051311,0.09996797976318383
11.5075,3.6703092454112785,2.5927874093480012,109.89176307947153,1.4272594741850666,3.2838192388071126,99.91804321993419,-6.692058662013238,-5.81108824586801,10.362441991605687,-0.007072039830368439,-0.004201505423051311,0.09996797976318383
11.51,1.892024378670005,-2.1881221189662505,127.88082631597806,5.525035583396387,-6.99138098909414,102.82941155807231,-7.547134071074177,-7.54506487870409,6.200260671089582,-0.007072039830368439,-0.004201505423051311,0.09996797976318383
11.5125,4.101690114775125,5.46146452448803,95.51271074054368,0.9011082761560526,8.00987504479913,97.69595258528305,-5.870977112212781,-3.7242183804378883,13.259266589201149,-0.007072039830368439,-0.004201505423051311,0.09996797976318383
11.515,3.2062910220829925,3.9773730677465284,103.91300173459553,1.2941781886616077,6.025431529026707,99.45626027873223,-6.968912468402768,-4.794978147026226,12.496268876644718,-0.007072039830368439,-0.004201505423051311,0.09996797976318383
11.5175,2.569775767571694,3.351294330441051,107.32278297746477,2.0133289321275947,4.0939738003129165,100.48884853091194,-6.84072169290953,-4.804919004785637,11.294172580498957,-0.007072039830368439,-0.004201505423051311,0.09996797976318383
11.52,1.6519557389352593,3.5424526188218617,108.1090573168055,2.538735953253446,2.6752027157690503,100.28328549295927,-5.248579084614174,-4.04073721606378,11.577091429168311,-0.007072039830368439,-0.004201505423051311,0.09996797976318383
11.5225,2.467362504792465,2.9397626303161926,109.66812074189909,2.3875592368851977,2.069028845741251,99.92111575612807,-5.243981115016607,-4.581092996017387,10.739440310893732,-0.007072039830368439,-0.004201505423051311,0.09996797976318383
11.525,2.200938285740618,2.762687243893251,110.05500270736242,2.2416059652534717,1.7634146629240712,100.2095341852126,-5.155435485153222,-4.609231026268346,10.192814169003467,-0.007072039830368439,-0.004201505423051311,0.09996797976318383
11.5275,1.44327807746589,2.8196231066265245,110.06106762262682,2.467607310077152,1.2141422483750703,100.27361984919794,-5.041734751644372,-4.289531235823071,9.76354344267016,-0.007072039830368439,-0.004201505423051311,0.09996797976318383
11.53,1.5724001351900088,2.793611874311133,110.13431681867799,2.2469382818762775,1.3835938850247445,100.70473443701475,-4.918199482536701,-4.304662533668713,9.614901854721934,-0.007072039830368439,-0.004201505423051311,0.09996797976318383
11.5325,1.376773623596316,2.6672704954727124,110.55396666918911,2.2085764199538267,1.1016980378743195,100.8153206336178,-4.799952418402691,-4.302575686558105,9.291898493184659,-0.007072039830368439,-0.004201505423051311,0.09996797976318383
11.535,1.084298571754295,2.723308812764903,110.3881628899257,2.155730026944661,0.9917677738174694,101.06250028086072,-4.670552968527084,-4.134463351582239,9.11571845170315,-0.007072039830368439,-0.004201505423051311,0.09996797976318383
11.5375,0.4149205630833698,2.8185265094436924,110.43024143832606,2.3947357374829434,0.5651993373089861,101.30296846942382,-4.546569946817696,-3.82378405528186,8.842735068697893,-0.007072039830368439,-0.004201505423051311,0.09996797976318383
11.54,0.5447483251566739,2.9362137912186106,109.93617157418012,2.257771089015044,0.8865544260330546,101.42763107573312,-4.406176531226182,-3.7246405161912373,8.94545121782412,-0.007072039830368439,-0.004201505423051311,0.09996797976318383
11.5425,-0.10921175124834309,2.9063157886671256,110.22319881207672,2.6694887239811527,0.2008894587097068,101.32809211968629,-4.279840939054916,-3.4740961039835323,8.702513355486984,-0.007072039830368439,-0.004201505423051311,0.09996797976318383
11.545,-0.3528730445310785,3.052715842043984,109.95252318573563,2.8146019487948553,0.16202610719763053,101.63271718115963,-4.1573315065588,-3.212521769477967,8.693829054446914,-0.007072039830368439,-0.004201505423051311,0.09996797976318383
11.5475,-0.3533312435862056,2.989163473979223,110.22047657696235,2.9333797974651,-0.052623500733751494,101.59104620536091,-4.049798636662671,-3.1747437084801122,8.59209451139641,-0.007072039830368439,-0.004201505423051311,0.09996797976318383
11.55,-1.2513786505881577,3.141009527207937,110.2493432741649,3.357775004852955,-0.6247184091315098,101.96944671279837,-3.9444034355644044,-2.7127054052662736,8.319459872411192,-0.007072039830368439,-0.004201505423051311,0.09996797976318383
11.5525,-1.4694952837224642,3.1974445900568953,110.19732642085391,3.596840422784806,-0.8621067090761746,102.06297698785141,-3.8377161940271445,-2.5034925839145235,8.245997377528992,-0.007072039830368439,-0.004201505423051311,0.09996797976318383
11.555,-1.7751857346952054,3.2404693247387195,110.44205844017293,3.8372798477436545,-1.1655594837638195,102.2646937153725,-3.745517327035669,-2.30054860409094,8.057197886521378,-0.007072039830368439,-0.004201505423051311,0.09996797976318383
11.5575,-1.8608625847656994,3.2810072981875247,110.11485385360523,4.0229888053700495,-1.3217906328113271,102.06779787219077,-3.6305306354574176,-2.1416069645792346,8.118873212672971,-0.007072039830368439,-0.004201505423051311,0.09996797976318383
11.56,-1.9536282176781088,3.359424992564675,110.18275585526814,4.06603779255327,-1.4320305497719805,102.26910173271587,-3.3512405916139802,-1.9662658538601285,8.182844116267551,-0.007072039830368439,-0.004201505423051311,0.09996797976318383
11.5625,-2.599875093201134,3.4628364990100353,110.2013223203893,4.296619395346874,-1.798063788741606,102.6178322875189,-3.2609665948633366,-1.6462556249863458,7.889415714349871,-0.007072039830368439,-0.004201505423051311,0.09996797976318383
11.565,-2.7946395868887666,3.5370857245270733,110.09643785220129,4.413028390531339,-1.9333335772300284,102.79200723787655,-3.1754046922204435,-1.4593637845726137,7.768222638566387,-0.007072039830368439,-0.004201505423051311,0.09996797976318383
11.5675,-3.119468473445473,3.534859487881572,110.3590662254638,4.647281824873075,-2.353094020400157,102.88039017577817,-3.048790517045535,-1.2750423628245011,7.55877752263852,-0.007072039830368439,-0.004201505423051311,0.09996797976318383
11.57,-3.12345618824016,3.6001203278762177,109.97414164918813,4.8245993074298585,-2.390406779748917,102.6509520876494,-2.9591207320018205,-1.1219728524325896,7.617068378148522,-0.007072039830368439,-0.004201505423051311,0.09996797976318383
11.5725,-3.504073801756309,3.634604235282731,110.45319406854775,5.029828548166707,-2.7184623140646407,103.15604580637682,-2.8820270954064546,-0.9266107110819763,7.319581072952571,-0.007072039830368439,-0.004201505423051311,0.09996797976318383
11.575,-4.015827042298735,3.795609007767298,110.29871926338097,5.122112720845287,-2.866428501802257,103.77327054868192,-2.7770650681851246,-0.6117931565429807,7.114591157951372,-0.007072039830368439,-0.004201505423051311,0.09996797976318383
11.5775,-4.109622583033226,3.7122599618728884,110.47332950613614,5.41402307192824,-3.301169205355124,103.33637874531559,-2.665768621562339,-0.5242896423726899,6.962826513118392,-0.007072039830368439,-0.004201505423051311,0.09996797976318383
11.58,-4.36013080150448,3.8048926490378303,110.45481301459355,5.636221119297747,-3.4539104505176255,103.57825034691444,-2.572094322269641,-0.2936974060631159,6.850465916718056,-0.007072039830368439,-0.004201505423051311,0.09996797976318383
11.5825,-4.587400516124556,3.8512569747516348,110.55502880058226,5.775885733778808,-3.654137676045425,103.9070106138674,-2.4832762936240895,-0.12063063074642995,6.680369394657939,-0.007072039830368439,-0.004201505423051311,0.09996797976318383
11.585,-4.893382648611301,3.8829514652054633,110.724879513819,5.999350973442308,-3.9636860117424537,104.10414130317025,-2.414972036223856,0.0847673476625366,6.438048170826475,-0.007072039830368439,-0.004201505423051311,0.09996797976318383
11.5875,-4.999993930039383,3.866806787875926,110.78315491905835,6.279458389825854,-4.290781584247333,103.8855914783092,-2.2961990557434615,0.24294721205656544,6.341814695818359,-0.007072039830368439,-0.004201505423051311,0.09996797976318383
11.59,-5.3926904702486205,4.018921257423028,110.98711263626339,6.389471691142588,-4.396548231530392,104.70613888420462,-2.2446394555367593,0.5127649562987833,6.0448795802170885,-0.007072039830368439,-0.004201505423051311,0.09996797976318383
11.5925,-5.547720251479462,3.979335256336925,111.08588226361137,6.587861749410281,-4.715581523722911,104.58361011144366,-2.169751042341799,0.6269122606062726,5.827160021561719,-0.007072039830368439,-0.004201505423051311,0.09996797976318383
11.595,-5.725096524048383,3.981877549241509,111.43676022377505,6.8429782239912615,-5.044160874646733,104.72562466935335,-2.104138165075476,0.7737826056200106,5.563199149010561,-0.007072039830368439,-0.004201505423051311,0.09996797976318383
11.5975,-5.832971062420244,4.120962173480072,111.25152224477596,6.8263713174314,-4.964527282022041,105.22424052137944,-2.0240274783616012,0.9596246515494514,5.446589663776159,-0.007072039830368439,-0.004201505423051311,0.09996797976318383
11.6,-5.951957477781903,4.078219807673466,111.62486158344886,6.980082925937107,-5.26797948199722,105.2669004940324,-1.950628595401434,1.0386229856432954,5.15692071636583,-0.007072039830368439,-0.004201505423051311,0.09996797976318383
11.6025,-5.5317017315559776,4.047667964864648,111.6948425365164,6.770955119203187,-4.992274074257053,105.4583819528756,-1.8671943029323899,0.919951818750786,5.055691710158699,-0.007072039830368439,-0.004201505423051311,0.09996797976318383
11.605,-6.031976492009991,4.1065344283475715,111.83267699557527,6.9142867742140215,-5.272005668499995,105.7791337994153,-1.8034157965904434,1.1224668773741877,4.685395666993406,-0.007072039830368439,-0.004201505423051311,0.09996797976318383
11.6075,-5.5866989963121245,3.980642081148502,112.26874563270498,6.969827128348345,-5.373634054371363,105.66943677517538,-1.74787369124392,1.0034174976106494,4.42405786423738,-0.007072039830368439,-0.004201505423051311,0.09996797976318383
11.61,-5.110314623393986,3.943325633280063,112.20334525218951,6.410687596432401,-4.8708117609206685,106.15079577654272,-1.632491284405594,0.79886100558901,4.433804159068174,-0.007072039830368439,-0.004201505423051311,0.09996797976318383
11.6125,-4.912906747051709,3.8396416341906416,112.22220647195125,5.885769052622266,-4.67754275912413,106.27572006157361,-1.4969252623823959,0.6121908429347226,4.318651690027437,-0.007072039830368439,-0.004201505423051311,0.09996797976318383
11.615,-5.306895748346633,3.8793781673682846,111.60544343733238,5.878256563670332,-4.867881416673199,105.88834377467447,-1.3646339016024744,0.8064894356590535,4.304862902616186,-0.007072039830368439,-0.004201505423051311,0.09996797976318383
11.6175,-5.057796138713308,3.8114225081588535,111.7465713512023,5.7032709618868935,-4.83085880036055,106.01315863729853,-1.2461712215168372,0.7326022756519293,4.316320012869314,-0.007072039830368439,-0.004201505423051311,0.09996797976318383
11.62,-4.575871954773519,3.7588645383943016,111.63318417040448,5.257165681603879,-4.425515510119938,106.13542926359851,-1.1650543585743405,0.5331009729269905,4.371354556997629,-0.007072039830368439,-0.004201505423051311,0.09996797976318383
11.6225,-4.358648340945549,3.646692826699019,111.54609811914104,4.96289131050167,-4.322451070341636,105.95470928989288,-1.0506589272856082,0.37786350767591836,4.3742897645282515,-0.007072039830368439,-0.004201505423051311,0.09996797976318383
11.625,-4.953875391220121,3.8157331147692855,111.11458559823566,4.922645595684298,-4.361950673197205,106.4177925963868,-0.9606190693623974,0.6710400573614796,4.26737196868922,-0.007072039830368439,-0.004201505423051311,0.09996797976318383
11.6275,-4.285852268180356,3.683282813569191,111.17088857362745,4.576864201173585,-4.07633262867047,106.26018491955611,-0.8708555659232553,0.41077002076605257,4.360671761395588,-0.007072039830368439,-0.004201505423051311,0.09996797976318383
11.63,-4.565204397793691,3.7067487842125497,110.93757901239655,4.5706392268300835,-4.168893567837038,106.1560076542552,-0.7709968068992317,0.528964417075409,4.296253077081584,-0.007072039830368439,-0.004201505423051311,0.09996797976318383
11.6325,-4.500167468329196,3.7023741281335334,110.91141368420452,4.411202570784265,-4.155092003878833,106.5278274134709,-0.7042890603574621,0.5504292444213097,4.271420875599301,-0.007072039830368439,-0.004201505423051311,0.09996797976318383
11.635,-4.0984466503077455,3.5804915244430466,110.93951163196797,4.218202743532644,-4.064837553605136,106.22894763032971,-0.6320453626808153,0.3869513302175834,4.302485479541888,-0.007072039830368439,-0.004201505423051311,0.09996797976318383
11.6375,-4.340015953360113,3.6263815941307125,110.84010503854113,4.187698611930596,-4.083473261343345,106.42131145395055,-0.5713417918321811,0.4942391488944749,4.174172684706136,-0.007072039830368439,-0.004201505423051311,0.09996797976318383
11.64,-3.6803265350237417,3.5151721705316796,110.85544418858288,3.799247820384327,-3.7250782112595364,106.41182407692514,-0.48098405423102636,0.23114156407547912,4.277590198283384,-0.007072039830368439,-0.004201505423051311,0.09996797976318383
11.6425,-3.4457978143070194,3.4309929060574142,110.65444157864583,3.5725745497450396,-3.5546589557522372,106.12037005394933,-0.41598183842054315,0.09624945196770598,4.2894258341847475,-0.007072039830368439,-0.004201505423051311,0.09996797976318383
11.645,-3.379878919140141,3.4441217784957034,110.62946873970469,3.2866527927929217,-3.3168457428421196,106.57908071765546,-0.3709610281064984,0.051802155576756236,4.191740639733107,-0.007072039830368439,-0.004201505423051311,0.09996797976318383
11.6475,-4.0352202256937,3.511652495557627,110.5219887148122,3.43649809846056,-3.6924209579463314,106.74222427817456,-0.30335232313563376,0.328418782302712,3.942744846126505,-0.007072039830368439,-0.004201505423051311,0.09996797976318383
11.65,-3.8134440311153317,3.476527784699805,110.44243647239524,3.4116401915729604,-3.6708533815356157,106.62885170578424,-0.23520963175773113,0.3115950265826962,3.966892176223128,-0.007072039830368439,-0.004201505423051311,0.09996797976318383
11.6525,-3.6307972923962324,3.44175272275486,110.58463787912547,3.2797390597039238,-3.5369223883484158,106.79018497615658,-0.216732017288114,0.23313223748674303,3.865597512401081,-0.007072039830368439,-0.004201505423051311,0.09996797976318383
11.655,-3.3690875723955322,3.2980093487046975,110.6411841240751,3.2417699621436977,-3.6276355442193937,106.37803594898408,-0.1288626050181434,0.10178603937107003,3.8834956058479513,-0.007072039830368439,-0.004201505423051311,0.09996797976318383
11.6575,-3.2680649310826104,3.331425946883877,110.5407953666017,3.076021948646389,-3.428631290936533,106.69391738984078,-0.09417886911030096,0.09884597669234421,3.852229498625576,-0.007072039830368439,-0.004201505423051311,0.09996797976318383
11.66,-3.3706813422700415,3.3509672267181987,110.24025724293524,3.0129797473191404,-3.4074785712939017,106.67859533539593,-0.010830531358517309,0.16091523056191628,3.8558784653232667,-0.007072039830368439,-0.004201505423051311,0.09996797976318383
11.6625,-3.301617572374507,3.3106318586538963,110.25287775563754,3.0037943056706773,-3.4330371909583164,106.6574172089395,0.03962068266154218,0.15332736296267996,3.8269003740392638,-0.007072039830368439,-0.004201505423051311,0.09996797976318383
11.665,-3.212339198515196,3.3325902107794003,110.16462145699919,2.8556886056551853,-3.2327277453811405,106.91688143476786,0.06895037485730018,0.14373690312963605,3.7764024867063153,-0.007072039830368439,-0.004201505423051311,0.09996797976318383
11.6675,-3.112266751926242,3.2298145999965384,110.39957797459326,2.78759088410955,-3.3134158016265958,106.86573990649562,0.12046802812048397,0.05558321582610258,3.629219728351094,-0.007072039830368439,-0.004201505423051311,0.09996797976318383
11.67,-2.5647985661502006,3.0758687943182093,110.4906964877421,2.563861879549396,-3.131746214085114,106.63705117913291,0.13003873044860254,-0.1954890052344261,3.6095463120354783,-0.007072039830368439,-0.004201505423051311,0.09996797976318383
11.6725,-3.0914066746711515,3.210350750744442,110.09007332225168,2.668320293198984,-3.222824036513785,106.86963922276769,0.17688833445934693,0.068635689191568,3.540042987995859,-0.007072039830368439,-0.004201505423051311,0.09996797976318383
11.675,-2.6940923306200317,3.1238508952505284,110.27476765762981,2.507496699721226,-3.079061039434327,106.9704584478382,0.18658570933126647,-0.082950091511355,3.490468428977824,-0.007072039830368439,-0.004201505423051311,0.09996797976318383
11.6775,-2.634858624236855,3.0956617041903622,110.19998465372119,2.355876151690111,-2.938628299513042,107.1168696161412,0.20858606673908378,-0.1410128150169504,3.4110260213815504,-0.007072039830368439,-0.004201505423051311,0.09996797976318383
11.68,-2.945370835300079,3.167276831543562,110.05539143661227,2.4217900775088093,-3.0377270874116755,107.22787688862337,0.22684688944339174,0.028072238420623674,3.260514110229872,-0.007072039830368439,-0.004201505423051311,0.09996797976318383
11.6825,-2.5205595256563837,3.0280882679364227,110.24208253570598,2.303101297759238,-2.92567650215438,107.16026262072519,0.25121559910083413,-0.1724038924405261,3.227782485643086,-0.007072039830368439,-0.004201505423051311,0.09996797976318383
11.685,-2.8071519650898358,3.1265021352262186,109.90710735294658,2.3032410234571468,-2.897057003100931,107.39271700924611,0.27886149413403816,-0.008162674162924946,3.168812352479737,-0.007072039830368439,-0.004201505423051311,0.09996797976318383
11.6875,-2.841808158497294,3.1022540153872016,110.02220471436345,2.31367081400038,-2.9725667361797825,107.55403748939138,0.2992098832678993,0.021177670221654545,3.0398686735828964,-0.007072039830368439,-0.004201505423051311,0.09996797976318383
11.69,-2.675363607759459,2.9825307820220135,110.29134145490404,2.293287459855432,-3.047909449651326,107.50718419286964,0.30863811249880235,-0.09153337208170269,2.890075840324542,-0.007072039830368439,-0.004201505423051311,0.09996797976318383
11.6925,-2.9166814235760685,3.0154879144609863,110.31101058100607,2.360253130128804,-3.142369384717235,107.77367233702289,0.31693840093693043,0.010546312000048573,2.7120905907602797,-0.007072039830368439,-0.004201505423051311,0.09996797976318383
11.695,-2.0010638533174157,2.8606290219478367,110.29675959476758,1.9519116214061465,-2.6659165688345015,107.55265566654356,0.33501666766744204,-0.3469854905191332,2.8299141291313212,-0.007072039830368439,-0.004201505423051311,0.09996797976318383
11.6975,-2.559382776504752,2.992502025380977,109.76338266678091,2.0477936347305525,-2.7243528455078843,107.5802115823615,0.3876722073393504,-0.09618684561632619,2.7848271746460647,-0.007072039830368439,-0.004201505423051311,0.09996797976318383
11.7,-7.329265812408326,0.6352447911633593,116.59779853288346,1.1561392474447807,-5.152160444992496,100.33893987913889,0.9359560325307121,-0.5414674280447156,9.995895205999206,-0.007072039830368439,-0.004201505423051311,0.09996797976318383
11.7025,-12.015829411427474,-1.6855616477067068,123.549145606917,1.090002195332812,-6.86497475246015,85.3603208743628,1.389517147816803,-0.9289662564645234,23.9618533098456,-0.007072039830368439,-0.004201505423051311,0.09996797976318383
11.705,0.3522813370081599,-2.9625122585312935,123.96581612071631,1.814836070598648,-6.790244434919416,88.20339388468426,0.2916222556208682,-4.723804387904209,17.52090653555976,-0.007072039830368439,-0.004201505423051311,0.09996797976318383
11.7075,-9.325107882682556,5.651796930875095,100.43325520371839,3.505845518212177,-1.6191511264691565,81.99389997690228,0.8600321017208438,3.68468492274281,30.374725829583873,-0.007072039830368439,-0.004201505423051311,0.09996797976318383
11.71,-9.555821421287671,4.421974530091566,104.12069988614887,5.135876952387311,-2.6765177362640884,79.61795827562277,1.6205764244062153,3.5858056324682783,32.732093506128564,-0.007072039830368439,-0.004201505423051311,0.09996797976318383
11.7125,-9.883318002979818,3.0881311889493444,107.56038880109823,5.462371270943807,-3.6910184242922024,76.10748910169623,2.7222579025917533,3.0808394214015387,35.54201850051508,-0.007072039830368439,-0.004201505423051311,0.09996797976318383
11.715,-8.766987083372912,2.8399038799403886,107.69947183647947,5.691589606813327,-3.8364325494414016,74.11263179379928,3.313428301452384,2.9174978439192434,36.95314754384065,-0.007072039830368439,-0.004201505423051311,0.09996797976318383
11.7175,-7.889851674499008,2.7152236077904286,107.99729154071888,5.832131687956101,-3.856757742463049,72.93555212398367,3.4023257097383173,2.69682649767033,37.72823255852701,-0.007072039830368439,-0.004201505423051311,0.09996797976318383
11.72,-7.5555238762132015,2.44447690221661,108.78858410908772,5.978559170888119,-3.9964846696091696,71.78782860923086,3.1346809422890787,2.43938504215397,38.6486241509873,-0.007072039830368439,-0.004201505423051311,0.09996797976318383
11.7225,-7.618774687247373,2.1923145241871302,109.63109110237431,6.17504124649692,-4.133946487476778,70.41864477759127,2.728099042255506,2.234569840910689,39.79346169327385,-0.007072039830368439,-0.004201505423051311,0.09996797976318383
11.725,-6.7368373789419085,2.4460193368853664,109.06812536587509,6.292759286553489,-3.8656128852273466,69.96895782800783,2.275370527177248,2.186276735004457,40.22519502742654,-0.007072039830368439,-0.004201505423051311,0.09996797976318383
11.7275,-6.869454138655219,2.093651073929879,109.7216076358121,6.4065571500771314,-4.063697325421442,69.11342203376624,1.663935718499126,1.8931808880710237,41.171866199021665,-0.007072039830368439,-0.004201505423051311,0.09996797976318383
11.73,-6.4611387314385125,2.21068846269423,109.9312706764765,6.607809719371873,-3.908840497256072,68.08932832891239,1.138840356730125,1.7844733089578142,42.15298295929244,-0.007072039830368439,-0.004201505423051311,0.09996797976318383
11.7325,-5.761319672647727,2.630351465422318,108.60537778885016,6.655192836558132,-3.5575752810002497,68.51871071142351,1.0714926432299963,1.9752704772417178,41.85579676059347,-0.007072039830368439,-0.004201505423051311,0.09996797976318383
11.735,-6.287783788337296,2.06741819675469,110.75512442648242,6.8559021610314055,-3.978094313322587,66.50542820560007,1.153676350192487,1.7826105212867258,43.855014790769324,-0.007072039830368439,-0.004201505423051311,0.09996797976318383
11.7375,-6.128457198736491,2.1518390065244137,109.80756763137644,7.006160701055191,-3.908797974181562,65.88566116488285,1.1050627871434793,1.915422486958155,44.38395171437168,-0.007072039830368439,-0.004201505423051311,0.09996797976318383
11.74,-5.3377719089146884,2.69188859906612,108.2850258118027,6.794606354189736,-3.4655266060327783,66.9965260867201,1.226472802591854,2.080302298190763,43.39416499058074,-0.007072039830368439,-0.004201505423051311,0.09996797976318383
11.7425,-6.496890013252953,2.188564173027387,109.81856114096351,7.07958984061849,-3.9166584843961294,66.47018037296866,1.3390455333454867,2.1206237160747863,44.08839133974443,-0.007072039830368439,-0.004201505423051311,0.09996797976318383
11.745,-5.896977995907217,2.3399402203321213,109.31321824326669,6.9050313639453185,-3.727238329332637,66.65723211616371,1.1001080284781557,1.9998729346114001,43.76111164204969,-0.007072039830368439,-0.004201505423051311,0.09996797976318383
11.7475,-6.1410776349345735,2.201160519675759,109.66243928347583,6.670028496340429,-3.8170911304406925,66.52932939400617,1.180700295240051,1.9389408446685221,43.9741306998461,-0.007072039830368439,-0.004201505423051311,0.09996797976318383
11.75,-6.332911515569321,2.064978544451631,110.31534072603903,6.085984282933063,-3.8743339803058943,65.97866715742158,1.0144498021385144,1.7532847660471844,44.488323870142544,-0.007072039830368439,-0.004201505423051311,0.09996797976318383
11.7525,-6.046308512444373,2.3042338370813207,109.45205508793471,6.061018328504422,-3.692648945515118,66.3169635017592,1.1911540901861903,1.8919292362731408,44.12128239043126,-0.007072039830368439,-0.004201505423051311,0.09996797976318383
11.755,-6.15544749793545,2.2185517262533825,109.65000401907866,5.789063174622182,-3.711671520471127,66.33173108722161,1.1246743011356248,1.7738722462528984,44.063741417638255,-0.007072039830368439,-0.004201505423051311,0.09996797976318383
11.7575,-6.157469866207725,2.269826625325292,109.67135034632436,5.550730993102296,-3.654374708359689,66.3774981637282,1.0938744679880323,1.7989492981369362,44.15878469816366,-0.007072039830368439,-0.004201505423051311,0.09996797976318383
11.76,-8.627964075748778,6.041628576019594,105.37212181681853,3.7103384489302464,-1.1720818412047809,88.0934143454346,0.9675934773226625,4.329695807799806,36.41147326675597,-0.007072039830368439,-0.004201505423051311,0.09996797976318383
11.7625,-4.2405118756097355,-0.334555068848244,109.97221188765825,5.489051301775907,-5.391989313395845,59.828150812259054,1.414521113312153,-0.21753078502086406,41.345044915432524,-0.007072039830368439,-0.004201505423051311,0.09996797976318383
11.765,-4.817512433533375,0.9880297137657411,111.55867942323017,5.550980232199211,-4.432507665288902,63.90632622910374,0.7007018559457378,0.6003659603681627,43.54478624005986,-0.007072039830368439,-0.004201505423051311,0.09996797976318383
11.7675,-4.668182186915467,1.9515054848727098,110.13163854967404,5.306411605029159,-3.7374583742195413,65.7230657129303,0.9541338751521455,1.236705772638212,43.88987687517291,-0.007072039830368439,-0.004201505423051311,0.09996797976318383
11.77,-4.934748345678731,2.1611792029404104,110.2129543459581,4.96108070297674,-3.572720780604795,66.18039717608465,1.0015513098509956,1.372014389681445,44.09472860267533,-0.007072039830368439,-0.004201505423051311,0.09996797976318383
11.7725,-5.148496120954867,2.347234868379165,109.80252166106504,4.569335204840974,-3.418295638320311,67.00704272098152,0.9230171084092587,1.4406864926899594,43.74197000696211,-0.007072039830368439,-0.004201505423051311,0.09996797976318383
11.775,-5.293584968765048,2.0249423397483084,110.44773952685455,4.2868109372411505,-3.6151428568501305,66.09226170554179,0.8802143723840404,1.240781810667135,44.2951544897809,-0.007072039830368439,-0.004201505423051311,0.09996797976318383
11.7775,-4.576409896230957,2.5465815141374617,109.37279663434732,4.248554243777374,-3.1835698539563007,66.80945031558137,0.8448763911183196,1.3921062230053796,43.858687301240614,-0.007072039830368439,-0.004201505423051311,0.09996797976318383
11.78,-4.926206299985917,2.226670829957378,110.2102989392534,3.9173503439701816,-3.3943082069064454,66.69917020540157,0.8139594952612392,1.1957466438009203,44.05776565393687,-0.007072039830368439,-0.004201505423051311,0.09996797976318383
11.7825,-4.291680143786342,2.5924988526255572,109.26535297733807,3.832331976407256,-3.0929055174898514,67.27016724316553,0.8920625137952708,1.3125598830290803,43.42818797347098,-0.007072039830368439,-0.004201505423051311,0.09996797976318383
11.785,-4.690748181590258,2.0192682313826795,110.90092472032757,3.5527891114291705,-3.454586668445914,66.53500118862156,0.45160123477522696,0.86502513623754,43.716236085520556,-0.007072039830368439,-0.004201505423051311,0.09996797976318383
11.7875,-3.9489978390195453,2.2336772427606393,110.1550290115164,3.3684750735010778,-3.24528936155858,66.34602816009507,0.8118209928141986,0.8965443043984727,44.156753791357325,-0.007072039830368439,-0.004201505423051311,0.09996797976318383
11.79,-3.581862697242206,2.6450829202744597,109.11653296030964,3.371514078081095,-2.909287532214476,67.17817566208883,0.6773560511471388,1.071366032342978,43.36757499645386,-0.007072039830368439,-0.004201505423051311,0.09996797976318383
11.7925,-3.1500097047300017,2.542845830530161,109.47500579571505,3.317742849016633,-2.9523760067467255,68.00295470416559,0.737358629742782,0.9217537668770452,42.51654622611043,-0.007072039830368439,-0.004201505423051311,0.09996797976318383
11.795,-3.293142172783476,2.5252414438158093,109.72525343310748,3.0426169007631185,-2.9303746172116303,68.4252600266861,0.5613986250044531,0.8489007931455869,42.22584479363664,-0.007072039830368439,-0.004201505423051311,0.09996797976318383
11.7975,-3.148653044461029,2.3755898328436147,110.0626166413377,2.857743078877895,-2.9838810590794442,68.55907659835343,0.40943924622890543,0.6563334859714555,41.769220647214475,-0.007072039830368439,-0.004201505423051311,0.09996797976318383
11.8,-3.0185609682609686,2.296509161219261,110.36610183916719,2.7078307268827344,-3.0174826216982766,68.91184304931197,0.5087507475136717,0.5571313797013175,41.32322162280303,-0.007072039830368439,-0.004201505423051311,0.09996797976318383
11.8025,-1.4602917725329365,6.418400561163701,105.66107055133917,-4.805927064357676,0.20529282453862274,87.84068230861601,0.5965269973359069,1.4627797095509198,35.640943172451315,-0.007072039830368439,-0.004201505423051311,0.09996797976318383
11.805,-1.8117758528881056,-1.550312339691606,109.82693609620016,4.868684040519421,-2.329543035379478,64.56541175720588,0.6846749230112315,-0.4658388375176815,38.74000773120263,-0.007072039830368439,-0.004201505423051311,0.09996797976318383
11.8075,-3.1030078806264236,-0.9966328231605741,111.15988498998854,5.177343813595636,-1.610094453658171,68.47923969412464,0.37229125387244294,0.1983434673258612,39.409034741831015,-0.007072039830368439,-0.004201505423051311,0.09996797976318383
11.81,-3.914232614550611,-0.7085136201608341,110.8000493460778,4.730657995114091,-1.1023125370574496,69.97359130767396,0.4646092218649112,0.5928236790263606,39.3987811894227,-0.007072039830368439,-0.004201505423051311,0.09996797976318383
11.8125,-4.453636579539629,-0.7614982473165969,110.97034727578223,4.239222869096162,-0.7826375929946217,70.36448797751748,0.2989018909995684,0.6087327610791291,39.59931596585486,-0.007072039830368439,-0.004201505423051311,0.09996797976318383
11.815,-4.357632576848819,-0.391333201690259,109.58907924523504,4.350375219166299,-0.16790435325705846,71.50523726798262,0.4152770614434299,0.9958921362856418,39.05766438323796,-0.007072039830368439,-0.004201505423051311,0.09996797976318383
11.8175,-4.364927199095667,-0.6590294884956819,109.91315454546576,4.245135069943111,-0.034947488665253906,71.70297057584466,0.11841245914548217,0.8344823504253578,38.66410160594348,-0.007072039830368439,-0.004201505423051311,0.09996797976318383
11.82,-4.370229709497786,-0.8290142293980677,110.1163651514679,4.140994764174413,0.18054415227525722,72.25667470381977,0.2755091374379346,0.8223988486142727,38.33897994617148,-0.007072039830368439,-0.004201505423051311,0.09996797976318383
11.8225,-4.340631188819441,-0.9000857210460133,109.83542348887582,3.940579157524414,0.4117971492875704,72.42037363915281,0.14230092151647888,0.7661885829430216,38.10869825604083,-0.007072039830368439,-0.004201505423051311,0.09996797976318383
11.825,-3.8270636425638704,-1.0026890198692398,110.04949681858831,3.207523394624146,0.7222635239717743,72.3905086828976,0.30013621291449843,0.2873709412842083,37.94660219152016,-0.007072039830368439,-0.004201505423051311,0.09996797976318383
11.8275,-3.0467154429781096,-1.10374509218026,110.12173261115339,2.577632200526771,1.1731727555961755,72.59875771178183,-0.08370212716755591,-0.21994473701112907,37.460526596929505,-0.007072039830368439,-0.004201505423051311,0.09996797976318383
11.83,-2.085030146127405,-1.2415602338730067,110.2688624230747,1.9397757018727257,1.5170342542120927,72.5311174344695,-0.23393553374664078,-0.6282583115366968,37.388099841217574,-0.007072039830368439,-0.004201505423051311,0.09996797976318383
11.8325,-1.60232421216954,-1.2341224012189063,110.06348705914009,1.58614348340743,1.9678018442896184,73.20694412243564,-0.22751069656804754,-0.6903285153557914,37.2099334776115,-0.007072039830368439,-0.004201505423051311,0.09996797976318383
11.835,-1.3426976887664694,-1.3143784533532041,110.13518404410169,1.5179089753395567,2.2095117951892447,73.59442750199567,-0.030741052853798478,-0.706673815383686,37.035748772120606,-0.007072039830368439,-0.004201505423051311,0.09996797976318383
11.8375,-1.9368352395336097,-1.4918976680699967,110.2104788650506,1.4317197419428216,2.1987720011436056,73.55702135791418,-0.35682130263969447,-0.7340777089559635,37.1397655443714,-0.007072039830368439,-0.004201505423051311,0.09996797976318383
11.84,-0.7699706312597979,-1.7168337394155424,110.28117205325627,1.2935397380087381,2.496539488818132,72.96308062205243,-0.12365164119696387,-1.016338065072329,37.12508229362022,-0.007072039830368439,-0.004201505423051311,0.09996797976318383
11.8425,-3.0794909117419023,-2.0810796981119353,110.57283298180232,1.833825258972317,2.41341087310289,73.50541985694805,-0.29110466378133487,-0.5713335599154054,37.10979833899801,-0.007072039830368439,-0.004201505423051311,0.09996797976318383
11.845,-1.9355914953016775,-1.7941347843797248,109.36963586649325,2.199442995136416,2.7360029950947427,73.80428417363824,-0.4323872167182639,-0.530139700573315,36.71427101440798,-0.007072039830368439,-0.004201505423051311,0.09996797976318383
11.8475,-0.9375761372830395,-1.598931619023872,109.26787474260443,2.292770511915346,2.954380165165146,74.67606777680146,-0.465653105139613,-0.6348238695287008,36.003247120523916,-0.007072039830368439,-0.004201505423051311,0.09996797976318383
11.85,-2.3419641466109082,-2.1495469943164585,110.58800012389875,2.528987665073421,2.514264609773663,74.89334895672746,-0.8579068381967653,-0.7042948968455661,35.68024730014977,-0.007072039830368439,-0.004201505423051311,0.09996797976318383
11.8525,-2.343324182919906,-2.084767766090547,109.95985475218232,2.8279184397260235,2.5667649911943706,74.67022824188572,-0.9096115669806143,-0.5754282607980621,35.68033549449961,-0.007072039830368439,-0.004201505423051311,0.09996797976318383
11.855,-1.3483237336498832,-1.759131732558868,109.31615373585774,2.8760569325117347,2.853679112685058,75.37259672598172,-0.6822217296439653,-0.49507501479984667,35.22719094194858,-0.007072039830368439,-0.004201505423051311,0.09996797976318383
11.8575,-1.7846180199746846,-1.9471892749479762,109.85868180395906,2.852451080299171,2.722354531303865,75.74648486439183,-0.672302804195126,-0.5124923714694614,34.83446866520261,-0.007072039830368439,-0.004201505423051311,0.09996797976318383
11.86,-1.9872373490083894,-2.147122843957248,110.29918944959695,2.982584644972982,2.5677489641439255,75.81288811595515,-0.823021445692137,-0.6125545407742772,34.39367670544213,-0.007072039830368439,-0.004201505423051311,0.09996797976318383
11.8625,-0.6765021917828699,-2.2023989542960387,110.83198242527986,2.269719011539263,2.7199441483659617,75.40569636494828,-1.4864278098300177,-1.215343027961354,34.67333191222613,-0.007072039830368439,-0.004201505423051311,0.09996797976318383
11.865,-3.5205802651121467,-2.1276616151374745,109.95675020924517,3.1767571745257186,2.502932154343899,76.15891086977769,-1.063856657073597,-0.2491964361694354,34.48621214139209,-0.007072039830368439,-0.004201505423051311,0.09996797976318383
11.8675,-2.572213686568482,-1.734175252195399,109.35023403456452,3.7806057717826005,2.7474142859439676,77.63675614886823,-1.2007500878920203,-0.08040590503620776,33.428554801439525,-0.007072039830368439,-0.004201505423051311,0.09996797976318383
11.87,-2.20223579336154,-2.0728986616224327,109.910017147305,3.1440633094200656,2.6050995919054993,77.15590176923902,-1.2636806275996526,-0.5142663974997227,33.07903600532795,-0.007072039830368439,-0.004201505423051311,0.09996797976318383
11.8725,-2.256560459178254,-2.1065077472509732,110.1158951143036,3.388958976686993,2.5442827220094424,77.67501592471451,-1.3601932725340613,-0.47340457982710116,32.749923510697144,-0.007072039830368439,-0.004201505423051311,0.09996797976318383
11.875,-1.7940124217891444,-2.1796623710079612,110.4209747707365,3.0043855133270516,2.566975778874355,77.66128948216644,-1.6674172910660836,-0.7706425703611909,32.32778972481046,-0.007072039830368439,-0.004201505423051311,0.09996797976318383
11.8775,0.24464845964100712,-2.0506880663589286,110.46761694400539,2.8102340874093894,2.853811600985926,76.80154827053595,-2.161204377420592,-1.308599277487425,33.11065581879367,-0.007072039830368439,-0.004201505423051311,0.09996797976318383
11.88,-2.2891819047451807,-1.853424180405156,109.73626252395312,3.1992160124425286,2.7247863891282997,78.65568872844854,-1.7598769157681446,-0.43849270612207647,32.101091158797615,-0.007072039830368439,-0.004201505423051311,0.09996797976318383
11.8825,-1.8717308795442333,-1.9507475689134697,109.83459763526463,3.275514588719777,2.6631126297302754,78.67511111785035,-2.053600803275786,-0.6051536437596372,31.783622501393793,-0.007072039830368439,-0.004201505423051311,0.09996797976318383
11.885,-1.5045989754743616,-1.910434445006332,110.07874962832032,2.9789204542561976,2.7206370351717304,78.91843520911287,-1.9506863247521273,-0.7182009665354657,31.595671953843862,-0.007072039830368439,-0.004201505423051311,0.09996797976318383
11.8875,0.2879464194223947,-1.9367169560270483,110.45293059742342,2.037164641760935,2.9386500693499173,78.24993152635572,-2.5805655774576417,-1.433944579068399,31.645124246636477,-0.007072039830368439,-0.004201505423051311,0.09996797976318383
11.89,-1.995466786203224,-2.067630789065826,110.42545296499938,2.8885292981839763,2.560850791660711,78.76449979344376,-2.137225800988045,-0.7329332805266753,31.728215042860853,-0.007072039830368439,-0.004201505423051311,0.09996797976318383
11.8925,-0.22770606783868091,-1.5966552046962368,109.61457202764498,2.4158896945699273,3.033327103932799,79.62269731143657,-2.310673142106682,-0.9480706516793274,30.947164908555493,-0.007072039830368439,-0.004201505423051311,0.09996797976318383
11.895,0.5476701109212632,-1.7251366430668151,109.94576318834676,1.5354010680304844,3.0693920467778257,79.274814997405,-2.462149593765882,-1.4147388099883855,30.85130759486779,-0.007072039830368439,-0.004201505423051311,0.09996797976318383
11.8975,0.5352713495359605,-1.5660117594456429,109.86715712237442,2.1198889797721563,3.11648121506556,80.15243085123578,-2.665717556761068,-1.258846972565364,30.57744486161846,-0.007072039830368439,-0.004201505423051311,0.09996797976318383
11.9,0.9770976018694618,-1.6892474174468892,110.08466956160807,1.7447362925675374,3.074492876494175,79.83025207403684,-2.7981161532038055,-1.5012783329103185,30.35459811644664,-0.007072039830368439,-0.004201505423051311,0.09996797976318383
11.9025,1.5998540671180819,-1.549573748283737,110.0480812100563,0.9678433974322641,3.2741688082313787,79.9708090911441,-2.828098837765423,-1.7312975207936967,30.34582002449318,-0.007072039830368439,-0.004201505423051311,0.09996797976318383
11.905,1.2560024039730355,-1.4999246668085622,110.09166727317363,2.3375895661011077,3.154325382376811,80.8145655181186,-3.2675825007938366,-1.4556065327330832,29.835636286411322,-0.007072039830368439,-0.004201505423051311,0.09996797976318383
11.9075,2.258533928650132,-1.0696064565885355,109.89080500562102,1.8122590223742074,3.543738318385712,79.68217946958225,-3.225829204412848,-1.4713781043996055,31.926632998837633,-0.007072039830368439,-0.004201505423051311,0.09996797976318383
11.91,1.5273715299329946,-2.2408467609246743,110.67694880837968,0.8585999981546643,2.7193083165502077,80.9890204933826,-3.1190753505510136,-2.196884332792792,27.484745311916058,-0.007072039830368439,-0.004201505423051311,0.09996797976318383
11.9125,-0.9756310165241524,-3.7084721723390457,111.6870311237857,0.7967680374579316,1.471002021566262,86.69443376468608,-3.3229572961282314,-2.5907986298809673,18.129452231993774,-0.007072039830368439,-0.004201505423051311,0.09996797976318383
11.915,-4.665713547232011,-5.418219603215929,113.33595219163995,0.6832083781861549,0.0021824474427887966,97.23221502030076,-3.6925087494311404,-2.843727616621507,4.217791548926334,-0.007072039830368439,-0.004201505423051311,0.09996797976318383
11.9175,-5.678941426535656,-4.631868106649929,112.40444241577906,0.8570757930818645,-0.33421202927498583,105.51794332494866,-0.012194554542195264,-0.007719562561841932,0.09235190278140237,-0.007072039830368439,-0.004201505423051311,0.09996797976318383
11.92,-3.5329362631987493,-2.689710704956973,111.11492737881849,0.493358105043984,1.4648445538296662,109.92224098437607,-0.009765346649802317,-0.006181801192851708,0.07395511059423754,-0.007072039830368439,-0.004201505423051311,0.09996797976318383
11.9225,-2.629382368037678,-1.3299596626677699,110.16213692493616,1.5467768152269994,2.216049282886366,112.32775447742455,-0.009765346649802317,-0.006181801192851708,0.07395511059423754,-0.007072039830368439,-0.004201505423051311,0.09996797976318383
11.925,-6.738030619946359,10.358753541455068,108.95578226131946,5.8233229002409965,7.380187173296943,132.0600634988418,-0.009765346649802317,-0.006181801192851708,0.07395511059423754,-0.007072039830368439,-0.004201505423051311,0.09996797976318383
11.9275,0.5230879352069714,-4.211614996228251,109.40453313552695,2.333944529834433,-2.3132105737704913,100.33237054835061,-0.009765346649802317,-0.006181801192851708,0.07395511059423754,-0.007072039830368439,-0.004201505423051311,0.09996797976318383
11.93,1.1007131611765455,-3.1506159383426744,111.35950157941413,2.9183183023833736,0.49886959429154903,108.81635558190558,-0.009765346649802317,-0.006181801192851708,0.07395511059423754,-0.007072039830368439,-0.004201505423051311,0.09996797976318383
11.9325,0.7444506436490396,-1.9169433480413105,124.9993983216078,9.355885664039862,-9.638243477105009,115.13508901633125,-0.009765346649802317,-0.006181801192851708,0.07395511059423754,-0.007072039830368439,-0.004201505423051311,0.09996797976318383
11.935,0.23761870301479282,5.522432198527653,95.81279266018724,0.2162267443357989,4.009016977615957,111.74584129094607,-0.009765346649802317,-0.006181801192851708,0.07395511059423754,-0.007072039830368439,-0.004201505423051311,0.09996797976318383
11.9375,0.038130820272147675,2.101405772281638,105.81180248777673,-0.23945661212703676,2.024255935384168,113.20768596766467,-0.009765346649802317,-0.006181801192851708,0.07395511059423754,-0.007072039830368439,-0.004201505423051311,0.09996797976318383
11.94,0.6753162414608306,1.317301794089535,108.53611854453621,-0.7678243560218833,1.6829954413884474,114.48275417470873,-0.009765346649802317,-0.006181801192851708,0.07395511059423754,-0.007072039830368439,-0.004201505423051311,0.09996797976318383
11.9425,1.2522829138916214,0.786199556864413,109.086517293178,-0.5479801666436578,1.4325789183831361,114.02704727934452,-0.009765346649802317,-0.006181801192851708,0.07395511059423754,-0.007072039830368439,-0.004201505423051311,0.09996797976318383
11.945,1.6931942126328758,0.3947313211986437,109.87653115638896,-0.35410634802846463,1.1946298853618267,113.54131229424709,-0.009765346649802317,-0.006181801192851708,0.07395511059423754,-0.007072039830368439,-0.004201505423051311,0.09996797976318383
11.9475,1.487954316820484,0.1721323314628688,109.85684901293061,0.3989803331983066,0.9317862348648341,112.96875224090002,-0.009765346649802317,-0.006181801192851708,0.07395511059423754,-0.007072039830368439,-0.004201505423051311,0.09996797976318383
11.95,1.6768808592245004,-0.28523323964860975,110.78894103059832,-0.14869834764173825,0.7348705102629641,112.86419885027335,-0.009765346649802317,-0.006181801192851708,0.07395511059423754,-0.007072039830368439,-0.004201505423051311,0.09996797976318383
11.9525,-2.4961486268450264,11.222534992505322,108.07538045023881,3.023326474175381,7.1222881465444186,131.7670655068137,-0.009765346649802317,-0.006181801192851708,0.07395511059423754,-0.007072039830368439,-0.004201505423051311,0.09996797976318383
11.955,2.333133144414928,-6.122189704470384,111.17711399513125,1.433673316634047,-3.1793447747920673,97.5510899856292,-0.009765346649802317,-0.006181801192851708,0.07395511059423754,-0.007072039830368439,-0.004201505423051311,0.09996797976318383
11.9575,4.52692283374632,-8.257481171504498,129.2723631482297,4.044201151128346,-4.466455153541268,106.1072402854673,-0.009765346649802317,-0.006181801192851708,0.07395511059423754,-0.007072039830368439,-0.004201505423051311,0.09996797976318383
11.96,0.13708298800792468,2.3704082140943794,99.08037718233071,1.143151661865483,2.0095619449067628,107.1034334920213,-0.009765346649802317,-0.006181801192851708,0.07395511059423754,-0.007072039830368439,-0.004201505423051311,0.09996797976318383
11.9625,-2.120733523475095,0.4066815532224448,107.67395969034398,0.9060051049943478,0.4339703598982959,110.1102413396013,-0.009765346649802317,-0.006181801192851708,0.07395511059423754,-0.007072039830368439,-0.004201505423051311,0.09996797976318383
11.965,-2.3789675853790864,0.179270511885083,109.7854061994654,1.1566642780970455,0.22148191394504932,111.33415725987257,-0.009765346649802317,-0.006181801192851708,0.07395511059423754,-0.007072039830368439,-0.004201505423051311,0.09996797976318383
11.9675,-2.930558515752732,-0.17010590351617,110.40676480695869,1.6337378181880378,-0.11498996242980833,111.2865550558168,-0.009765346649802317,-0.006181801192851708,0.07395511059423754,-0.007072039830368439,-0.004201505423051311,0.09996797976318383
11.97,-3.0965122150006303,0.08632520772501412,110.8117433779152,2.2949217755182234,-0.07274467538125759,111.72303224477965,-0.009765346649802317,-0.006181801192851708,0.07395511059423754,-0.007072039830368439,-0.004201505423051311,0.09996797976318383
11.9725,-2.6372863428106954,-0.2489990235608119,110.98242075174373,2.545249784187552,-0.30857544572564294,111.18855836623871,-0.009765346649802317,-0.006181801192851708,0.07395511059423754,-0.007072039830368439,-0.004201505423051311,0.09996797976318383
11.975,-3.0436302243775577,0.29525816146934936,110.1047775680806,2.9120077147506973,-0.06128259756337454,111.34562858686796,-0.009765346649802317,-0.006181801192851708,0.07395511059423754,-0.007072039830368439,-0.004201505423051311,0.09996797976318383
11.9775,-3.522341793073421,0.5316155287280614,110.23831402903467,3.784614543618657,-0.09803569325243963,111.68609591284967,-0.009765346649802317,-0.006181801192851708,0.07395511059423754,-0.007072039830368439,-0.004201505423051311,0.09996797976318383
11.98,-2.981848970892216,0.01713055251611932,110.42450226199654,3.3887758722716703,-0.35650402171006523,110.6128305990369,-0.009765346649802317,-0.006181801192851708,0.07395511059423754,-0.007072039830368439,-0.004201505423051311,0.09996797976318383
11.9825,-3.7193541454121903,0.5491466245211968,110.088522969685,3.9951980606568336,-0.1804005488617592,111.50350486763267,-0.009765346649802317,-0.006181801192851708,0.07395511059423754,-0.007072039830368439,-0.004201505423051311,0.09996797976318383
11.985,-3.5680744902420405,0.406264388688378,110.13483962142949,3.760712562510004,-0.2262873192164751,111.03199499896236,-0.009765346649802317,-0.006181801192851708,0.07395511059423754,-0.007072039830368439,-0.004201505423051311,0.09996797976318383
11.9875,-4.2994035671610495,10.843438462290656,108.15331144405748,0.4342584652384937,6.65253712949033,129.2125040693632,-0.009765346649802317,-0.006181801192851708,0.07395511059423754,-0.007072039830368439,-0.004201505423051311,0.09996797976318383
11.99,-0.7979047455701815,-5.804205970515763,111.51585047077182,4.695060591597512,-4.006316026761653,96.62400420558562,-0.009765346649802317,-0.006181801192851708,0.07395511059423754,-0.007072039830368439,-0.004201505423051311,0.09996797976318383
11.9925,-2.6119247928602,-3.1958138350542664,112.50562100357936,4.682483636876994,-2.4707278844246994,104.51267733307688,-0.009765346649802317,-0.006181801192851708,0.07395511059423754,-0.007072039830368439,-0.004201505423051311,0.09996797976318383
11.995,-3.200645691709092,-1.7004488280432,112.07160609228599,4.81089894788995,-1.7106416484525302,107.54645180739595,-0.009765346649802317,-0.006181801192851708,0.07395511059423754,-0.007072039830368439,-0.004201505423051311,0.09996797976318383
11.9975,-1.8560162268744802,-4.7264310110540935,121.83656317209022,6.053977815852891,-5.258011561813915,113.55523729055922,-0.009765346649802317,-0.006181801192851708,0.07395511059423754,-0.007072039830368439,-0.004201505423051311,0.09996797976318383
12.0,-5.007120910239382,5.051404118349557,98.58633384314803,4.8960714041639966,1.93295535793322,109.97985723985691,-0.009765346649802317,-0.006181801192851708,0.07395511059423754,-0.007072039830368439,-0.004201505423051311,0.09996797976318383
12.0025,-5.472224262507884,2.1191847494205183,106.86145658359465,4.447089673675372,0.04113491199111536,110.44628817742796,-0.009765346649802317,-0.006181801192851708,0.07395511059423754,-0.007072039830368439,-0.004201505423051311,0.09996797976318383
12.005,-6.3756718914610655,1.6380159383461317,109.22046077397093,5.638004471088007,-0.501464477338725,111.2873855489115,-0.009765346649802317,-0.006181801192851708,0.07395511059423754,-0.007072039830368439,-0.004201505423051311,0.09996797976318383
12.0075,-6.508492520697864,1.5317879933088863,109.460138199782,6.23317162106626,-0.6828289438725774,111.29053000440658,-0.009765346649802317,-0.006181801192851708,0.07395511059423754,-0.007072039830368439,-0.004201505423051311,0.09996797976318383
12.01,-5.870762842313959,1.0496107322851378,110.21461815624909,6.022780767650569,-0.9278183407086861,110.8206522850547,-0.009765346649802317,-0.006181801192851708,0.07395511059423754,-0.007072039830368439,-0.004201505423051311,0.09996797976318383
12.0125,-3.678154642962686,-2.855588291195729,119.72445718988783,7.314979187896533,-5.361920584991647,114.24072934316104,-0.009765346649802317,-0.006181801192851708,0.07395511059423754,-0.007072039830368439,-0.004201505423051311,0.09996797976318383
12.015,-5.995818816682826,5.340157605062917,99.66868869706306,6.50369566846979,1.2706153682088486,110.34766199825876,-0.009765346649802317,-0.006181801192851708,0.07395511059423754,-0.007072039830368439,-0.004201505423051311,0.09996797976318383
12.0175,-7.919467937298732,2.9568438682716596,106.85736699986033,6.95255141424849,-0.5357532135725054,110.89801284024398,-0.009765346649802317,-0.006181801192851708,0.07395511059423754,-0.007072039830368439,-0.004201505423051311,0.09996797976318383
12.02,-7.820235457519527,2.295058927204612,108.92640933976526,7.721167964393031,-1.0741717079397197,111.16418290137688,-0.009765346649802317,-0.006181801192851708,0.07395511059423754,-0.007072039830368439,-0.004201505423051311,0.09996797976318383
12.0225,-7.861716974169297,1.6104442183786012,110.06521821283624,8.090392524162546,-1.55996324238456,110.49870676499712,-0.009765346649802317,-0.006181801192851708,0.07395511059423754,-0.007072039830368439,-0.004201505423051311,0.09996797976318383
12.025,-7.122795775028131,1.51213824317027,110.23496157866627,8.09389736092741,-1.5983229564679329,110.28962923097723,-0.009765346649802317,-0.006181801192851708,0.07395511059423754,-0.007072039830368439,-0.004201505423051311,0.09996797976318383
12.0275,-8.192757270371915,1.7514360180723685,110.1451419760044,8.828839132807499,-1.6507607415896222,110.5989901532014,-0.009765346649802317,-0.006181801192851708,0.07395511059423754,-0.007072039830368439,-0.004201505423051311,0.09996797976318383
12.03,-8.022488052147889,1.6043019590911174,110.06715254760297,8.616078273233772,-1.6937114775759066,110.15011476454178,-0.009765346649802317,-0.006181801192851708,0.07395511059423754,-0.007072039830368439,-0.004201505423051311,0.09996797976318383
12.0325,-7.785923096137083,1.3590997448681195,110.48223039939971,8.171111282434643,-1.7633167725460552,110.05263342174084,-0.009765346649802317,-0.006181801192851708,0.07395511059423754,-0.007072039830368439,-0.004201505423051311,0.09996797976318383
12.035,-7.903202549473298,1.6656945796949052,110.28474744246114,8.54683265903628,-1.6404164728305566,110.55931477974252,-0.009765346649802317,-0.006181801192851708,0.07395511059423754,-0.007072039830368439,-0.004201505423051311,0.09996797976318383
12.0375,-6.952912780430803,1.4544547652976882,110.22462221089171,8.319533886469902,-1.6996322309838106,110.02130232373305,-0.009765346649802317,-0.006181801192851708,0.07395511059423754,-0.007072039830368439,-0.004201505423051311,0.09996797976318383
12.04,-7.381023404431979,1.367459737645784,110.27048439943634,8.074933873626414,-1.7384090849321767,110.01334646754594,-0.009765346649802317,-0.006181801192851708,0.07395511059423754,-0.007072039830368439,-0.004201505423051311,0.09996797976318383
12.0425,-7.610250095750406,1.7607066918673537,109.99898685744425,8.024531216324267,-1.5141071697669946,110.68606616178819,-0.009765346649802317,-0.006181801192851708,0.07395511059423754,-0.007072039830368439,-0.004201505423051311,0.09996797976318383
12.045,-7.2501458469640925,1.7741952741204203,109.74982145738706,8.118045875885162,-1.4882459253394116,110.36988962547923,-0.009765346649802317,-0.006181801192851708,0.07395511059423754,-0.007072039830368439,-0.004201505423051311,0.09996797976318383
12.0475,-7.0545825511909115,1.6866656221644614,110.16465079241198,8.191886066182704,-1.5393015514195718,110.5251665023474,-0.009765346649802317,-0.006181801192851708,0.07395511059423754,-0.007072039830368439,-0.004201505423051311,0.09996797976318383
12.05,-6.664270022463702,1.5024399288282364,109.98374952320502,7.387795121187416,-1.5280522181377798,110.04865226581217,-0.009765346649802317,-0.006181801192851708,0.07395511059423754,-0.007072039830368439,-0.004201505423051311,0.09996797976318383
12.0525,-6.573575537164616,1.5011541666698442,110.1362874992833,7.753207047496424,-1.5601277606843944,110.19064010709072,-0.009765346649802317,-0.006181801192851708,0.07395511059423754,-0.007072039830368439,-0.004201505423051311,0.09996797976318383
12.055,-6.703343118449195,1.5480526576989186,110.14447667438593,8.051393782589747,-1.5959292363506994,110.2355995279916,-0.009765346649802317,-0.006181801192851708,0.07395511059423754,-0.007072039830368439,-0.004201505423051311,0.09996797976318383
12.0575,-6.566192032379404,1.56425364419381,110.04822013024457,7.707931260686468,-1.542968538736998,110.24064520487926,-0.009765346649802317,-0.006181801192851708,0.07395511059423754,-0.007072039830368439,-0.004201505423051311,0.09996797976318383
12.06,-6.6422754641874,1.5710600346365726,109.8874922970926,7.571761092596064,-1.529635836932529,110.12925582702562,-0.009765346649802317,-0.006181801192851708,0.07395511059423754,-0.007072039830368439,-0.004201505423051311,0.09996797976318383
12.0625,-6.511270081412206,1.3130907013290325,110.26787348337128,7.239655097472346,-1.6404609696072239,109.92468620964475,-0.009765346649802317,-0.006181801192851708,0.07395511059423754,-0.007072039830368439,-0.004201505423051311,0.09996797976318383
12.065,-6.0355080822047995,1.482022690607864,109.9123033213122,7.266063141273737,-1.501344652603053,110.05678232770445,-0.009765346649802317,-0.006181801192851708,0.07395511059423754,-0.007072039830368439,-0.004201505423051311,0.09996797976318383
12.0675,-5.326648947457941,1.304621555531444,110.37092884190166,7.324290751904409,-1.5668092088741834,110.12444950297885,-0.009765346649802317,-0.006181801192851708,0.07395511059423754,-0.007072039830368439,-0.004201505423051311,0.09996797976318383
12.07,-6.181674535784305,1.62578751405805,109.70584748978304,7.079328777952484,-1.418205062573222,110.19247514708991,-0.009765346649802317,-0.006181801192851708,0.07395511059423754,-0.007072039830368439,-0.004201505423051311,0.09996797976318383
12.0725,-5.299275056596523,1.3743993955949099,110.20824290185561,6.944005532349623,-1.494963479106075,110.20852053919587,-0.009765346649802317,-0.006181801192851708,0.07395511059423754,-0.007072039830368439,-0.004201505423051311,0.09996797976318383
12.075,-6.17822554313324,1.6730253757106066,109.79591565777237,7.0066363187060725,-1.4064652591074496,110.33001504748484,-0.009765346649802317,-0.006181801192851708,0.07395511059423754,-0.007072039830368439,-0.004201505423051311,0.09996797976318383
12.0775,-5.862606862447458,1.4096802169937053,110.04499134371069,6.880915384052581,-1.5307345154492824,110.05680419661067,-0.009765346649802317,-0.006181801192851708,0.07395511059423754,-0.007072039830368439,-0.004201505423051311,0.09996797976318383
12.08,-5.802848157448018,1.6369661237197504,109.80749121331674,6.751395856258961,-1.3759258692077379,110.39499557669569,-0.009765346649802317,-0.006181801192851708,0.07395511059423754,-0.007072039830368439,-0.004201505423051311,0.09996797976318383
12.0825,-5.358655037256638,1.2065313317870687,110.2087832401782,6.269365529894181,-1.5505000928967527,109.83949516803105,-0.009765346649802317,-0.006181801192851708,0.07395511059423754,-0.007072039830368439,-0.004201505423051311,0.09996797976318383
12.085,-5.352579464699992,1.4328853136607602,110.02984490390445,6.444288005330157,-1.4250386587953503,110.1186163576744,-0.009765346649802317,-0.006181801192851708,0.07395511059423754,-0.007072039830368439,-0.004201505423051311,0.09996797976318383
12.0875,-4.95817776744987,1.2196170104069592,110.27391252413692,5.944148649146966,-1.4821174712426066,110.05679018537805,-0.009765346649802317,-0.006181801192851708,0.07395511059423754,-0.007072039830368439,-0.004201505423051311,0.09996797976318383
12.09,-5.0891648914583065,1.4383697711538026,109.9001784637124,6.348086277189657,-1.398256250748962,110.18072624622741,-0.009765346649802317,-0.006181801192851708,0.07395511059423754,-0.007072039830368439,-0.004201505423051311,0.09996797976318383
12.0925,-4.798078125953583,1.265701056175053,110.14624201811115,6.501857550923227,-1.487102366910814,110.0468851906851,-0.009765346649802317,-0.006181801192851708,0.07395511059423754,-0.007072039830368439,-0.004201505423051311,0.09996797976318383
12.095,-5.037675899775821,1.450895659176592,109.83567480286682,5.587717419476055,-1.3181306038805576,110.18598353751985,-0.009765346649802317,-0.006181801192851708,0.07395511059423754,-0.007072039830368439,-0.004201505423051311,0.09996797976318383
12.0975,-0.2455177265061774,-4.389279180522886,122.3637965310123,9.843837769021656,-5.106601177462663,114.2066541643128,-0.009765346649802317,-0.006181801192851708,0.07395511059423754,-0.007072039830368439,-0.004201505423051311,0.09996797976318383
12.1,-6.583736009681419,6.320288003244013,96.74233419954886,4.888011823461705,1.570148515039827,109.31056356841472,-0.009765346649802317,-0.006181801192851708,0.07395511059423754,-0.007072039830368439,-0.004201505423051311,0.09996797976318383
12.1025,-7.298020405531482,3.389719698318185,105.99799864363389,5.662611424558763,-0.46274193839938693,110.67130462588133,-0.009765346649802317,-0.006181801192851708,0.07395511059423754,-0.007072039830368439,-0.004201505423051311,0.09996797976318383
12.105,-6.491356822470968,1.942229704541087,109.33321472106402,5.680798195881069,-1.2820125123653592,110.59128565013056,-0.009765346649802317,-0.006181801192851708,0.07395511059423754,-0.007072039830368439,-0.004201505423051311,0.09996797976318383
12.1075,-5.96409584272372,1.504194537658381,109.72138079959525,5.521327772547595,-1.4744321360697308,110.09757333536652,-0.009765346649802317,-0.006181801192851708,0.07395511059423754,-0.007072039830368439,-0.004201505423051311,0.09996797976318383
12.11,-5.174163018865084,1.270825433151627,110.09860336733587,4.769922201865708,-1.4588039189493307,110.03729588724484,-0.009765346649802317,-0.006181801192851708,0.07395511059423754,-0.007072039830368439,-0.004201505423051311,0.09996797976318383
12.1125,-4.7263413707140325,1.1145846231337744,110.48539151141158,5.14544297577325,-1.5521063356382454,110.11710145963728,-0.009765346649802317,-0.006181801192851708,0.07395511059423754,-0.007072039830368439,-0.004201505423051311,0.09996797976318383
12.115,-4.158474672950897,0.9573320632991602,110.48899742807865,4.695421695201029,-1.557549390775015,110.02628799707118,-0.009765346649802317,-0.006181801192851708,0.07395511059423754,-0.007072039830368439,-0.004201505423051311,0.09996797976318383
12.1175,-3.854776914054894,1.1324705412033322,110.39298791720265,5.319826059827938,-1.4742771970560338,110.15987870612905,-0.009765346649802317,-0.006181801192851708,0.07395511059423754,-0.007072039830368439,-0.004201505423051311,0.09996797976318383
12.12,-4.208038643715705,1.3532985889497915,109.78556194280546,4.9021429962500696,-1.3406918294541308,110.21755799799905,-0.009765346649802317,-0.006181801192851708,0.07395511059423754,-0.007072039830368439,-0.004201505423051311,0.09996797976318383
12.1225,-4.182617214391623,1.2403290937034628,110.102714871956,4.613963508482628,-1.383866278499731,110.17268470889572,-0.009765346649802317,-0.006181801192851708,0.07395511059423754,-0.007072039830368439,-0.004201505423051311,0.09996797976318383
12.125,-3.535941144187091,1.3829494811782999,109.80981148430581,4.417439462697382,-1.2111189961439264,110.27568412263338,-0.009765346649802317,-0.006181801192851708,0.07395511059423754,-0.007072039830368439,-0.004201505423051311,0.09996797976318383
12.1275,-2.601070824027716,0.8160803433522781,110.55444047266734,3.8931338643728783,-1.3944277461173415,109.83846514809738,-0.009765346649802317,-0.006181801192851708,0.07395511059423754,-0.007072039830368439,-0.004201505423051311,0.09996797976318383
12.13,-7.216817016153591,12.440375071747042,102.79269030359954,4.904595771725708,5.1911209833231755,136.3586306010842,-0.009765346649802317,-0.006181801192851708,0.07395511059423754,-0.007072039830368439,-0.004201505423051311,0.09996797976318383
12.1325,0.48854139453022954,-4.794318920735555,109.87504218817128,1.4194791393852555,-4.370153230614746,95.5740762328845,-0.009765346649802317,-0.006181801192851708,0.07395511059423754,-0.007072039830368439,-0.004201505423051311,0.09996797976318383
12.135,-0.44981344470679957,-2.7415219367287413,112.26684682117137,2.156033963988637,-3.1910255419291653,103.5156618298072,-0.009765346649802317,-0.006181801192851708,0.07395511059423754,-0.007072039830368439,-0.004201505423051311,0.09996797976318383
12.1375,0.5186828851086882,-1.4208524798537419,112.07155687187056,1.3049811797309359,-2.1693623076444957,106.75860149650097,-0.009765346649802317,-0.006181801192851708,0.07395511059423754,-0.007072039830368439,-0.004201505423051311,0.09996797976318383
12.14,-1.248100329417709,0.37772038941350394,110.4347486851886,1.8667261323348474,-1.3025196293964076,109.23929611799235,-0.009765346649802317,-0.006181801192851708,0.07395511059423754,-0.007072039830368439,-0.004201505423051311,0.09996797976318383
12.1425,-1.6917604406467956,0.6389651698914945,110.50522493058199,2.247499354952102,-1.2572277739857012,109.73668923251768,-0.009765346649802317,-0.006181801192851708,0.07395511059423754,-0.007072039830368439,-0.004201505423051311,0.09996797976318383
12.145,-1.158441763730474,0.9279461236951371,110.00717873953073,1.8876023570659213,-0.9815023258750502,109.98317568827066,-0.009765346649802317,-0.006181801192851708,0.07395511059423754,-0.007072039830368439,-0.004201505423051311,0.09996797976318383
12.1475,-0.8222852093302473,1.0073897040779736,110.23856055144209,1.495560223952137,-0.8488147260124482,110.48995285510023,-0.009765346649802317,-0.006181801192851708,0.07395511059423754,-0.007072039830368439,-0.004201505423051311,0.09996797976318383
12.15,-0.2087314402707835,0.8465111380457225,110.01585040469074,1.1315434268708064,-0.8324848982773421,110.0719058243657,-0.009765346649802317,-0.006181801192851708,0.07395511059423754,-0.007072039830368439,-0.004201505423051311,0.09996797976318383
12.1525,-1.0647507502395468,0.8985857888149641,110.37591656061224,2.0201877718939776,-1.0152081881801982,110.47331141992754,-0.009765346649802317,-0.006181801192851708,0.07395511059423754,-0.007072039830368439,-0.004201505423051311,0.09996797976318383
12.155,-0.940167908722747,1.2716992188762688,109.5424597135541,1.3509841929983997,-0.7081217441077389,110.55188826582658,-0.009765346649802317,-0.006181801192851708,0.07395511059423754,-0.007072039830368439,-0.004201505423051311,0.09996797976318383
12.1575,-0.4118383454314574,1.072304380674924,109.99218419219591,1.3325253826131158,-0.7622536633085255,110.55185738896817,-0.009765346649802317,-0.006181801192851708,0.07395511059423754,-0.007072039830368439,-0.004201505423051311,0.09996797976318383
12.16,-5.26028773887208,13.531459998825444,101.752716876191,1.9992477885169995,6.419958690690397,139.32178231027925,-0.009765346649802317,-0.006181801192851708,0.07395511059423754,-0.007072039830368439,-0.004201505423051311,0.09996797976318383
12.1625,2.8311325782881407,-5.5703638668440565,109.89269850388933,-0.9578364269051103,-4.4265445983773315,94.09133308002819,-0.009765346649802317,-0.006181801192851708,0.07395511059423754,-0.007072039830368439,-0.004201505423051311,0.09996797976318383
12.165,3.234373677200944,-3.4350575424365912,112.4449238313627,-1.2149555692811687,-2.898781149063373,102.95027337883928,-0.009765346649802317,-0.006181801192851708,0.07395511059423754,-0.007072039830368439,-0.004201505423051311,0.09996797976318383
12.1675,0.9954672883989762,-1.2108195253816554,111.30578008600524,-0.48815552795069117,-1.810778890545665,106.94520850418708,-0.009765346649802317,-0.006181801192851708,0.07395511059423754,-0.007072039830368439,-0.004201505423051311,0.09996797976318383
12.17,1.545780777817449,-0.5012112516750026,111.29322498098918,-1.7185110426448178,-1.184345576156411,108.72680844205716,-0.009765346649802317,-0.006181801192851708,0.07395511059423754,-0.007072039830368439,-0.004201505423051311,0.09996797976318383
12.1725,1.6002139451102164,0.09177189635205149,110.32793775000856,-1.7888220234548937,-0.7966797841573945,109.15415710909177,-0.009765346649802317,-0.006181801192851708,0.07395511059423754,-0.007072039830368439,-0.004201505423051311,0.09996797976318383
12.175,1.101483717836004,0.7808051983628868,110.21632661029672,-0.596844599906222,-0.5506582240553536,110.5278111595029,-0.009765346649802317,-0.006181801192851708,0.07395511059423754,-0.007072039830368439,-0.004201505423051311,0.09996797976318383
12.1775,0.7905247283851262,0.7306338774129276,110.35515334840856,0.3127580231300704,-0.7305723548064901,110.29212875386395,-0.009765346649802317,-0.006181801192851708,0.07395511059423754,-0.007072039830368439,-0.004201505423051311,0.09996797976318383
12.18,1.487097482666995,0.668746165701275,110.40707554051086,-1.2648973024717365,-0.516404782823378,110.50162861509071,-0.009765346649802317,-0.006181801192851708,0.07395511059423754,-0.007072039830368439,-0.004201505423051311,0.09996797976318383
12.1825,1.6035862530378795,0.7995682912258826,109.92127277960499,-1.2463846221332897,-0.41740754156530585,110.44330940943496,-0.009765346649802317,-0.006181801192851708,0.07395511059423754,-0.007072039830368439,-0.004201505423051311,0.09996797976318383
12.185,0.7791010714443439,0.9456337724559221,109.80526472911596,-0.6780310205050911,-0.48502101986621393,110.37382878086865,-0.009765346649802317,-0.006181801192851708,0.07395511059423754,-0.007072039830368439,-0.004201505423051311,0.09996797976318383
12.1875,1.2301124716172334,0.9385336404438096,109.76454898649015,-0.6006036454466767,-0.45442741867675457,110.38432113109464,-0.009765346649802317,-0.006181801192851708,0.07395511059423754,-0.007072039830368439,-0.004201505423051311,0.09996797976318383
12.19,1.3937451115419643,0.7890184280198175,110.08217243495862,-0.8175794758543354,-0.5026438417644177,110.36723801737392,-0.009765346649802317,-0.006181801192851708,0.07395511059423754,-0.007072039830368439,-0.004201505423051311,0.09996797976318383
12.1925,2.2741635503737454,0.5329518679864524,110.25024856009699,-1.2122438754801714,-0.5069034213095802,110.02076433488209,-0.009765346649802317,-0.006181801192851708,0.07395511059423754,-0.007072039830368439,-0.004201505423051311,0.09996797976318383
12.195,0.8474719695836448,0.9009022938157922,109.7026107506296,-0.8679095827797134,-0.46315797246479656,110.22769235160798,-0.009765346649802317,-0.006181801192851708,0.07395511059423754,-0.007072039830368439,-0.004201505423051311,0.09996797976318383
12.1975,1.124428881926086,0.7001517058943361,110.16084807706166,-0.9313954678209719,-0.5567410743792235,110.15533206666133,-0.009765346649802317,-0.006181801192851708,0.07395511059423754,-0.007072039830368439,-0.004201505423051311,0.09996797976318383
12.2,1.054741289372784,0.5327507745083734,110.13575735275272,-1.2777258461811343,-0.6308886397659803,109.77647593226594,-0.009765346649802317,-0.006181801192851708,0.07395511059423754,-0.007072039830368439,-0.004201505423051311,0.09996797976318383
12.2025,1.637845878793841,0.33360404232433927,110.55997118436622,-1.7605867941452233,-0.6476941740135299,109.75708314513555,-0.009765346649802317,-0.006181801192851708,0.07395511059423754,-0.007072039830368439,-0.004201505423051311,0.09996797976318383
12.205,1.3935921468070822,0.7383048429421307,109.7021951792068,-1.300318339483739,-0.45013950109566336,109.94844674550727,-0.009765346649802317,-0.006181801192851708,0.07395511059423754,-0.007072039830368439,-0.004201505423051311,0.09996797976318383
12.2075,1.8379997210040873,0.6912577933199877,109.84993738617355,-2.2584528983939176,-0.32717794850115955,110.0533456557997,-0.009765346649802317,-0.006181801192851708,0.07395511059423754,-0.007072039830368439,-0.004201505423051311,0.09996797976318383
12.21,-3.4062732241295053,15.37756754678334,100.69038259247132,-0.666747324772713,8.229771104583882,144.0504804592449,-0.009765346649802317,-0.006181801192851708,0.07395511059423754,-0.007072039830368439,-0.004201505423051311,0.09996797976318383
12.2125,3.6850892677678977,-5.8702588079196785,109.70925283473755,-0.184879018621685,-4.525174342170768,92.91462671648718,-0.009765346649802317,-0.006181801192851708,0.07395511059423754,-0.007072039830368439,-0.004201505423051311,0.09996797976318383
12.215,2.9202380589667114,-3.7808282660183674,112.6551225030291,-0.09298690420081841,-3.242214931079501,101.86687827490555,-0.009765346649802317,-0.006181801192851708,0.07395511059423754,-0.007072039830368439,-0.004201505423051311,0.09996797976318383
12.2175,1.7499384439313135,-2.0913801809693173,112.35109509052687,-0.7482771800643859,-2.205844276503036,105.5003831134106,-0.009765346649802317,-0.006181801192851708,0.07395511059423754,-0.007072039830368439,-0.004201505423051311,0.09996797976318383
12.22,1.005246964083237,-0.9064507489394624,111.64786304278867,-0.8641284695232667,-1.5188500393543103,107.67743780934718,-0.009765346649802317,-0.006181801192851708,0.07395511059423754,-0.007072039830368439,-0.004201505423051311,0.09996797976318383
12.2225,-0.867132704995671,0.5125204931306723,110.2662532436448,0.6149917991950219,-0.998459869006522,109.4646887067868,-0.009765346649802317,-0.006181801192851708,0.07395511059423754,-0.007072039830368439,-0.004201505423051311,0.09996797976318383
12.225,-0.3317684537310846,0.8323309121431778,109.88589751542521,-0.22453241462927523,-0.6721535331183599,109.84091961091718,-0.009765346649802317,-0.006181801192851708,0.07395511059423754,-0.007072039830368439,-0.004201505423051311,0.09996797976318383
12.2275,-0.4473214573984604,0.9163787244589385,109.97174979603764,0.04518008994055163,-0.6388614044637888,110.18642008634869,-0.009765346649802317,-0.006181801192851708,0.07395511059423754,-0.007072039830368439,-0.004201505423051311,0.09996797976318383
12.23,-0.814703257770392,1.0428475071902503,110.02108722469718,0.8469547618887332,-0.6905816332771516,110.02263584789642,-0.009765346649802317,-0.006181801192851708,0.07395511059423754,-0.007072039830368439,-0.004201505423051311,0.09996797976318383
12.2325,-0.02972565105471659,0.5251465621391835,110.44640835774949,-0.05928933215948794,-0.839307459264749,109.40716373412076,-0.009765346649802317,-0.006181801192851708,0.07395511059423754,-0.007072039830368439,-0.004201505423051311,0.09996797976318383
12.235,-0.8444239049204874,1.1221387943774572,110.06914944967114,0.4567078456614766,-0.5995846587438699,110.60824194154262,-0.009765346649802317,-0.006181801192851708,0.07395511059423754,-0.007072039830368439,-0.004201505423051311,0.09996797976318383
12.2375,-1.1395735801884148,1.1056324439059018,109.8463757433678,1.282132710915772,-0.728173115717693,110.30258636120456,-0.009765346649802317,-0.006181801192851708,0.07395511059423754,-0.007072039830368439,-0.004201505423051311,0.09996797976318383
12.24,-1.180491119734586,0.9497185830362608,110.15009632654615,1.3823700473593106,-0.8419605957435699,110.2325611965277,-0.009765346649802317,-0.006181801192851708,0.07395511059423754,-0.007072039830368439,-0.004201505423051311,0.09996797976318383
12.2425,-1.1461214915662676,0.9754200896715431,109.88746365318327,1.0554011347393828,-0.7844229541548998,109.99155605717034,-0.009765346649802317,-0.006181801192851708,0.07395511059423754,-0.007072039830368439,-0.004201505423051311,0.09996797976318383
12.245,-1.207810544426955,0.919805444346236,109.8554139423105,1.0903917117146502,-0.820698643382811,109.83793839568578,-0.009765346649802317,-0.006181801192851708,0.07395511059423754,-0.007072039830368439,-0.004201505423051311,0.09996797976318383
12.2475,-1.60526609338151,1.1151741568536533,110.0509970321342,1.8924657346324298,-0.8217320423370842,110.2120661501586,-0.009765346649802317,-0.006181801192851708,0.07395511059423754,-0.007072039830368439,-0.004201505423051311,0.09996797976318383
12.25,-1.2368997072007577,0.6574546322049016,110.13772821995302,1.0076342483226135,-0.972640671140274,109.47214099451125,-0.009765346649802317,-0.006181801192851708,0.07395511059423754,-0.007072039830368439,-0.004201505423051311,0.09996797976318383
12.2525,-1.4158680032047983,0.9292715835940092,109.89245338837918,1.2653641508481246,-0.834529628742602,109.82411622509625,-0.009765346649802317,-0.006181801192851708,0.07395511059423754,-0.007072039830368439,-0.004201505423051311,0.09996797976318383
12.255,-1.9078568889405354,0.640663409075603,110.44375806644474,1.2921042554000528,-1.0598433739061375,109.62820333733646,-0.009765346649802317,-0.006181801192851708,0.07395511059423754,-0.007072039830368439,-0.004201505423051311,0.09996797976318383
12.2575,-1.0655532504938747,1.0678222265057118,109.77409041959588,0.9251497827365306,-0.6611197088016654,110.20824448472352,-0.009765346649802317,-0.006181801192851708,0.07395511059423754,-0.007072039830368439,-0.004201505423051311,0.09996797976318383
12.26,-0.4658090405808276,0.8764639299447277,110.14485966526729,1.6901767033771464,-0.7721630427400575,110.0421313064164,-0.009765346649802317,-0.006181801192851708,0.07395511059423754,-0.007072039830368439,-0.004201505423051311,0.09996797976318383
12.2625,-2.1183901093394,1.0515755500086226,109.73699145850367,1.6150437594968348,-0.8310785204611966,109.98195753775337,-0.009765346649802317,-0.006181801192851708,0.07395511059423754,-0.007072039830368439,-0.004201505423051311,0.09996797976318383
12.265,-2.182038315192571,1.2719468406212626,109.73130355081247,2.0675456372374623,-0.7553378477776365,110.23974948435905,-0.009765346649802317,-0.006181801192851708,0.07395511059423754,-0.007072039830368439,-0.004201505423051311,0.09996797976318383
12.2675,-0.7352457358838574,0.655556940921459,110.02567960193807,1.5810004304852276,-0.9195456972170825,109.43414564951632,-0.009765346649802317,-0.006181801192851708,0.07395511059423754,-0.007072039830368439,-0.004201505423051311,0.09996797976318383
12.27,-1.830705505157736,1.0630391249618245,109.76884711314331,1.2315893170426393,-0.7318200266420449,109.97515476471462,-0.009765346649802317,-0.006181801192851708,0.07395511059423754,-0.007072039830368439,-0.004201505423051311,0.09996797976318383
12.2725,-1.9629569636412658,0.9074660510877425,109.97191122807187,1.4709517104642473,-0.8681277630414675,109.83695722522471,-0.009765346649802317,-0.006181801192851708,0.07395511059423754,-0.007072039830368439,-0.004201505423051311,0.09996797976318383
12.275,-1.2048940212867385,0.4900320013724518,110.64454604367342,1.944261234578376,-1.0901925381049933,109.56187998960984,-0.009765346649802317,-0.006181801192851708,0.07395511059423754,-0.007072039830368439,-0.004201505423051311,0.09996797976318383
12.2775,-2.744558559258598,1.1772965148137597,109.61111079026817,2.017664787287904,-0.8265341818609984,110.10435211001658,-0.009765346649802317,-0.006181801192851708,0.07395511059423754,-0.007072039830368439,-0.004201505423051311,0.09996797976318383
12.28,-1.4570996090651023,1.1751243573123957,109.50379789646094,2.2808719516483285,-0.7024311904630517,110.0895886015992,-0.009765346649802317,-0.006181801192851708,0.07395511059423754,-0.007072039830368439,-0.004201505423051311,0.09996797976318383
12.2825,-2.3509230233774,1.146246143064987,109.48859731663653,2.330486655587687,-0.8085360491203978,109.8400836576009,-0.009765346649802317,-0.006181801192851708,0.07395511059423754,-0.007072039830368439,-0.004201505423051311,0.09996797976318383
12.285,-2.1077206042447933,1.0196726028604393,109.87481316119904,2.0061354146261943,-0.8299918701033459,109.91445113292276,-0.009765346649802317,-0.006181801192851708,0.07395511059423754,-0.007072039830368439,-0.004201505423051311,0.09996797976318383
12.2875,-2.749422806578382,0.9761382464151168,110.10613000323646,2.8394163507300836,-0.994567615067516,109.95541121930397,-0.009765346649802317,-0.006181801192851708,0.07395511059423754,-0.007072039830368439,-0.004201505423051311,0.09996797976318383
12.29,-1.9415608901115853,0.7260323830607817,110.01203816927921,1.9314096909550034,-0.974934432941207,109.46703940324272,-0.009765346649802317,-0.006181801192851708,0.07395511059423754,-0.007072039830368439,-0.004201505423051311,0.09996797976318383
12.2925,-2.7883291060844404,0.6941636352138074,110.32736343572134,2.534318929010179,-1.1243631734441946,109.64160853980647,-0.009765346649802317,-0.006181801192851708,0.07395511059423754,-0.007072039830368439,-0.004201505423051311,0.09996797976318383
12.295,-2.177844037979785,0.9882281131867686,109.796844852189,1.9555313254832236,-0.8216658029358692,109.84433929524741,-0.009765346649802317,-0.006181801192851708,0.07395511059423754,-0.007072039830368439,-0.004201505423051311,0.09996797976318383
12.2975,-2.3246205831060864,0.63792621521658,110.25250882475811,2.1593789972811943,-1.056593318052759,109.50290762813412,-0.009765346649802317,-0.006181801192851708,0.07395511059423754,-0.007072039830368439,-0.004201505423051311,0.09996797976318383
12.3,6.976113058000614,-4.921613013971637,121.82708603327143,3.8102073472038755,-3.7556234403290727,112.486691659812,-0.009765346649802317,-0.006181801192851708,0.07395511059423754,-0.007072039830368439,-0.004201505423051311,0.09996797976318383
12.3025,-4.562061480225905,5.789632243346075,97.37169937572136,1.9028486636887998,2.0024790050855366,109.27272495115179,-0.009765346649802317,-0.006181801192851708,0.07395511059423754,-0.007072039830368439,-0.004201505423051311,0.09996797976318383
12.305,-5.085420051173509,2.5552929459843226,106.41737182754726,2.145119135452182,-0.16316065711986297,109.89944209619559,-0.009765346649802317,-0.006181801192851708,0.07395511059423754,-0.007072039830368439,-0.004201505423051311,0.09996797976318383
12.3075,-4.690315505608089,1.3132653190198609,109.46217478035928,2.220047845822293,-0.8929548883068253,109.86590084899404,-0.009765346649802317,-0.006181801192851708,0.07395511059423754,-0.007072039830368439,-0.004201505423051311,0.09996797976318383
12.31,-3.5277449391155913,1.2313134075405037,109.64017964616293,2.5721838023211383,-0.8519999836910983,110.13134813322257,-0.009765346649802317,-0.006181801192851708,0.07395511059423754,-0.007072039830368439,-0.004201505423051311,0.09996797976318383
12.3125,-3.131295033446066,0.9618392588141521,110.04257409374321,2.502775044999596,-0.9659314268507422,109.85303976035932,-0.009765346649802317,-0.006181801192851708,0.07395511059423754,-0.007072039830368439,-0.004201505423051311,0.09996797976318383
12.315,-2.8317881222158396,0.8075303118491781,110.2652583871938,2.5311640413061554,-1.0280029790254746,109.73904826991088,-0.009765346649802317,-0.006181801192851708,0.07395511059423754,-0.007072039830368439,-0.004201505423051311,0.09996797976318383
12.3175,-3.5941503364153378,0.5792662658703278,110.77050524843119,2.5906056065905294,-1.246663496926297,109.67596202974279,-0.009765346649802317,-0.006181801192851708,0.07395511059423754,-0.007072039830368439,-0.004201505423051311,0.09996797976318383
12.32,-2.2399054506272194,0.8306380483769078,109.79724300767084,2.5808565993671206,-0.9510987848598355,109.63349089888759,-0.009765346649802317,-0.006181801192851708,0.07395511059423754,-0.007072039830368439,-0.004201505423051311,0.09996797976318383
12.3225,-2.0840927956120474,0.881034835515679,109.91608956127567,2.4128022709542147,-0.8699477266079909,109.72410182467732,-0.009765346649802317,-0.006181801192851708,0.07395511059423754,-0.007072039830368439,-0.004201505423051311,0.09996797976318383
12.325,-2.2306382724111438,0.8062216548767847,110.05893829027585,2.907614347342108,-0.9860363680638218,109.73937427104384,-0.009765346649802317,-0.006181801192851708,0.07395511059423754,-0.007072039830368439,-0.004201505423051311,0.09996797976318383
12.3275,-3.5599096095407985,0.8551348075821863,110.346090865902,3.2886057903636647,-1.1315966960504296,109.99163604418777,-0.009765346649802317,-0.006181801192851708,0.07395511059423754,-0.007072039830368439,-0.004201505423051311,0.09996797976318383
12.33,-2.734101963096301,0.7583526188897374,110.01416393643692,2.5827858581943426,-1.0414400580419176,109.55832049595172,-0.009765346649802317,-0.006181801192851708,0.07395511059423754,-0.007072039830368439,-0.004201505423051311,0.09996797976318383
12.3325,-1.972943382435505,0.5465613651076818,110.33118524673289,2.582602745894467,-1.0736149280991094,109.52794947097992,-0.009765346649802317,-0.006181801192851708,0.07395511059423754,-0.007072039830368439,-0.004201505423051311,0.09996797976318383
12.335,-2.053689638239535,1.1831397005810453,109.33017906118765,2.7942949059746103,-0.7103403555284166,110.09321873062092,-0.009765346649802317,-0.006181801192851708,0.07395511059423754,-0.007072039830368439,-0.004201505423051311,0.09996797976318383
12.3375,-2.1553292802114026,1.1602357198139077,109.52005045159636,2.8507981944119165,-0.7395238866971882,110.10072802927465,-0.009765346649802317,-0.006181801192851708,0.07395511059423754,-0.007072039830368439,-0.004201505423051311,0.09996797976318383
12.34,-9.399491286428782,16.689994904229604,100.1407472978432,7.694014032100806,7.948208797044402,145.69316169476429,-0.009765346649802317,-0.006181801192851708,0.07395511059423754,-0.007072039830368439,-0.004201505423051311,0.09996797976318383
12.3425,-0.20867054125138643,-5.9847379318646095,109.70967334403532,2.740346880391847,-5.094686985673867,92.0463297199374,-0.009765346649802317,-0.006181801192851708,0.07395511059423754,-0.007072039830368439,-0.004201505423051311,0.09996797976318383
12.345,-1.596777900499944,-4.319302937646786,112.69675989620136,2.1407452383390577,-4.06622167927751,100.21515544140107,-0.009765346649802317,-0.006181801192851708,0.07395511059423754,-0.007072039830368439,-0.004201505423051311,0.09996797976318383
12.3475,-2.1659303723441545,-1.8933033667789807,111.97724803451511,2.592709750801888,-2.6417614057534697,105.23866145440971,-0.009765346649802317,-0.006181801192851708,0.07395511059423754,-0.007072039830368439,-0.004201505423051311,0.09996797976318383
12.35,-2.2861051332318136,-0.4800856346746377,111.20874489863779,2.5990844950159118,-1.7504259938251272,107.78657507972984,-0.009765346649802317,-0.006181801192851708,0.07395511059423754,-0.007072039830368439,-0.004201505423051311,0.09996797976318383
12.3525,-2.412215953672294,0.045867490060320974,110.62925565470734,2.1475897843642096,-1.391866384993843,108.67448596963048,-0.009765346649802317,-0.006181801192851708,0.07395511059423754,-0.007072039830368439,-0.004201505423051311,0.09996797976318383
12.355,-3.668114971112582,0.4969219324738641,110.59880620439472,2.7672050433070807,-1.3047971961931122,109.58591990872954,-0.009765346649802317,-0.006181801192851708,0.07395511059423754,-0.007072039830368439,-0.004201505423051311,0.09996797976318383
12.3575,-2.8325598354083232,1.0063024475620665,109.60046663220534,2.686028183330136,-0.9020339238746297,109.89771682189604,-0.009765346649802317,-0.006181801192851708,0.07395511059423754,-0.007072039830368439,-0.004201505423051311,0.09996797976318383
12.36,-3.1403405307859096,1.2974692501174423,109.61542330551784,3.163338672140158,-0.7921312561130913,110.59263109983411,-0.009765346649802317,-0.006181801192851708,0.07395511059423754,-0.007072039830368439,-0.004201505423051311,0.09996797976318383
12.3625,-3.2920804228680716,1.306903608062449,109.62880616600413,3.274781388972946,-0.8277773482711384,110.4762163833121,-0.009765346649802317,-0.006181801192851708,0.07395511059423754,-0.007072039830368439,-0.004201505423051311,0.09996797976318383
12.365,-3.508249645650415,1.2866608312229733,109.76919693294435,3.6528114112753536,-0.9070508379914575,110.5005545785367,-0.009765346649802317,-0.006181801192851708,0.07395511059423754,-0.007072039830368439,-0.004201505423051311,0.09996797976318383
12.3675,-3.160096001330474,1.1032753392001415,109.78767810008473,2.710415425283088,-0.8890409180221702,110.36696513706926,-0.009765346649802317,-0.006181801192851708,0.07395511059423754,-0.007072039830368439,-0.004201505423051311,0.09996797976318383
12.37,-3.4433385443271987,0.38484883261467595,110.83088582471153,2.9131919548727487,-1.4072777637099576,109.67820945152296,-0.009765346649802317,-0.006181801192851708,0.07395511059423754,-0.007072039830368439,-0.004201505423051311,0.09996797976318383
12.3725,-3.518568237659261,1.126998582728495,109.5176934452125,3.2155999447375465,-0.9800908256988934,109.96948622440767,-0.009765346649802317,-0.006181801192851708,0.07395511059423754,-0.007072039830368439,-0.004201505423051311,0.09996797976318383
12.375,-2.9418968451269505,1.1749727550600229,109.06452363846003,1.9754781648761228,-0.7632082903082019,109.9428047392915,-0.009765346649802317,-0.006181801192851708,0.07395511059423754,-0.007072039830368439,-0.004201505423051311,0.09996797976318383
12.3775,-3.0943230685432805,1.4547605027186223,109.29645277683721,2.679174075351005,-0.6630149183473291,110.69523929283733,-0.009765346649802317,-0.006181801192851708,0.07395511059423754,-0.007072039830368439,-0.004201505423051311,0.09996797976318383
12.38,-2.9482056047215788,1.2419306758669413,109.79490712085031,2.5951456812535887,-0.7801287089468294,110.67769940464085,-0.009765346649802317,-0.006181801192851708,0.07395511059423754,-0.007072039830368439,-0.004201505423051311,0.09996797976318383
12.3825,-3.4689227144177925,1.3687348431504784,109.56718848609516,3.4616082351116253,-0.8477904159156258,110.5485224515438,-0.009765346649802317,-0.006181801192851708,0.07395511059423754,-0.007072039830368439,-0.004201505423051311,0.09996797976318383
12.385,-4.1945154806584215,0.5400117696336149,110.54667585081457,2.4957429934801896,-1.372964977426314,109.66881777835079,-0.009765346649802317,-0.006181801192851708,0.07395511059423754,-0.007072039830368439,-0.004201505423051311,0.09996797976318383
12.3875,-2.9525157275314178,1.2830015234140648,109.41138241373272,2.827460966431366,-0.7991364864109645,110.43745580496349,-0.009765346649802317,-0.006181801192851708,0.07395511059423754,-0.007072039830368439,-0.004201505423051311,0.09996797976318383
12.39,-3.0100771086966622,1.209326168674276,109.54880381192,2.739751687226441,-0.8438469178157045,110.36045616254926,-0.009765346649802317,-0.006181801192851708,0.07395511059423754,-0.007072039830368439,-0.004201505423051311,0.09996797976318383
12.3925,-3.6267557752327737,1.1304662607634017,110.00240158419837,3.0152743931121484,-0.9864652210106977,110.38744873166843,-0.009765346649802317,-0.006181801192851708,0.07395511059423754,-0.007072039830368439,-0.004201505423051311,0.09996797976318383
12.395,-3.596038215676271,1.2656181441591028,109.48231932983502,3.474528825446676,-0.9569835009859273,110.25456228122255,-0.009765346649802317,-0.006181801192851708,0.07395511059423754,-0.007072039830368439,-0.004201505423051311,0.09996797976318383
12.3975,-3.362127616197139,1.0557468000879888,109.72124251174304,2.506392107868178,-0.9691630972741321,110.15165110822196,-0.009765346649802317,-0.006181801192851708,0.07395511059423754,-0.007072039830368439,-0.004201505423051311,0.09996797976318383
12.4,-3.6352711178886934,0.8332112206268747,110.12286579607779,2.431884095519355,-1.1349865580425003,110.08315480886287,-0.009765346649802317,-0.006181801192851708,0.07395511059423754,-0.007072039830368439,-0.004201505423051311,0.09996797976318383
12.4025,-3.5152961496447874,1.115199538713949,109.55132692423663,2.8613453718503785,-0.9903799529476439,110.1861883619307,-0.009765346649802317,-0.006181801192851708,0.07395511059423754,-0.007072039830368439,-0.004201505423051311,0.09996797976318383
12.405,-3.260619112884697,0.8311908329829695,109.87782850660282,2.3278687936798597,-1.0856154795930049,109.91244873480174,-0.009765346649802317,-0.006181801192851708,0.07395511059423754,-0.007072039830368439,-0.004201505423051311,0.09996797976318383
12.4075,-3.360637320690445,1.0446113820775587,109.88647203516926,2.5838529066328424,-0.9848916907950891,110.57829165860679,-0.009765346649802317,-0.006181801192851708,0.07395511059423754,-0.007072039830368439,-0.004201505423051311,0.09996797976318383
12.41,-3.145109180745396,0.9983658059007309,109.59928254013323,1.780048844836819,-0.9188017434092383,110.2415432028298,-0.009765346649802317,-0.006181801192851708,0.07395511059423754,-0.007072039830368439,-0.004201505423051311,0.09996797976318383
12.4125,-2.886326610241129,0.8799076712889204,109.93921693849524,1.7410533297346515,-0.9565448991682425,110.31399168469459,-0.009765346649802317,-0.006181801192851708,0.07395511059423754,-0.007072039830368439,-0.004201505423051311,0.09996797976318383
12.415,-3.888044663514474,0.6879715266416894,110.41949817425063,2.5826653748808868,-1.275632847686288,110.06149009928951,-0.009765346649802317,-0.006181801192851708,0.07395511059423754,-0.007072039830368439,-0.004201505423051311,0.09996797976318383
12.4175,-3.235204578876373,0.6334064294087587,110.13714099813149,1.7365745157457602,-1.1632941467388271,109.91386170069619,-0.009765346649802317,-0.006181801192851708,0.07395511059423754,-0.007072039830368439,-0.004201505423051311,0.09996797976318383
12.42,-4.192439660502161,2.1256382447214435,108.57066543829627,3.875750290331332,-0.5176696671798199,111.79768871116192,-0.009765346649802317,-0.006181801192851708,0.07395511059423754,-0.007072039830368439,-0.004201505423051311,0.09996797976318383
12.4225,-4.528877986598937,1.0631963083519334,110.05019076462027,3.2658823451614,-1.1925020497185446,110.59660087351497,-0.009765346649802317,-0.006181801192851708,0.07395511059423754,-0.007072039830368439,-0.004201505423051311,0.09996797976318383
12.425,-4.126426686183338,1.4469619455388925,108.8556956822235,3.129475002181978,-0.8799390318138738,110.43733702212351,-0.009765346649802317,-0.006181801192851708,0.07395511059423754,-0.007072039830368439,-0.004201505423051311,0.09996797976318383
12.4275,-3.7685373282319734,0.25486314349315325,110.73218330224306,1.95176053656765,-1.4780017521677442,109.42546184812352,-0.009765346649802317,-0.006181801192851708,0.07395511059423754,-0.007072039830368439,-0.004201505423051311,0.09996797976318383
12.43,-4.125495605849436,1.7735452223048456,108.93689100375353,3.3873052779960275,-0.686933430382256,111.37390030985513,-0.009765346649802317,-0.006181801192851708,0.07395511059423754,-0.007072039830368439,-0.004201505423051311,0.09996797976318383
12.4325,-3.9943447229688704,1.228811096121357,109.5348754601314,2.859821416883373,-0.9794128462204607,110.6508861822539,-0.009765346649802317,-0.006181801192851708,0.07395511059423754,-0.007072039830368439,-0.004201505423051311,0.09996797976318383
12.435,-4.095938846159644,1.1428136863509748,109.68897364224941,2.7033484738037368,-1.0279660683709069,110.49131986315491,-0.009765346649802317,-0.006181801192851708,0.07395511059423754,-0.007072039830368439,-0.004201505423051311,0.09996797976318383
12.4375,-4.138576400877341,0.7676645497133385,109.94486262721966,2.2470482769871634,-1.2123812869708677,110.04954460969178,-0.009765346649802317,-0.006181801192851708,0.07395511059423754,-0.007072039830368439,-0.004201505423051311,0.09996797976318383
12.44,-3.178487232810703,0.7499727511503288,109.78092739893918,1.3337380104845429,-1.0309477114725925,110.08618897331363,-0.009765346649802317,-0.006181801192851708,0.07395511059423754,-0.007072039830368439,-0.004201505423051311,0.09996797976318383
12.4425,-4.060608313271049,0.8879632768733561,110.4167726788384,2.581118211356757,-1.1572791717858393,110.67060296755419,-0.009765346649802317,-0.006181801192851708,0.07395511059423754,-0.007072039830368439,-0.004201505423051311,0.09996797976318383
12.445,-3.6060659820083143,0.570709366933001,109.96130490455356,1.227950412743502,-1.1754718148568046,109.93635344908812,-0.009765346649802317,-0.006181801192851708,0.07395511059423754,-0.007072039830368439,-0.004201505423051311,0.09996797976318383
12.4475,-4.093774035943325,1.205441847738646,109.8924091911659,3.103059357062765,-0.9952307738114761,111.16510519122343,-0.009765346649802317,-0.006181801192851708,0.07395511059423754,-0.007072039830368439,-0.004201505423051311,0.09996797976318383
12.45,-4.181656133830897,2.0076057572495967,108.46651842536268,3.3348918827850587,-0.5256297204402651,111.89385032208824,-0.009765346649802317,-0.006181801192851708,0.07395511059423754,-0.007072039830368439,-0.004201505423051311,0.09996797976318383
12.4525,-3.772089235539307,1.0747636366116196,109.45572725050569,2.6226840122609896,-1.0032105044053419,110.69422522767475,-0.009765346649802317,-0.006181801192851708,0.07395511059423754,-0.007072039830368439,-0.004201505423051311,0.09996797976318383
12.455,-4.587038870107207,1.2269600917725845,109.94472234740502,3.41561125296204,-1.0942272512455176,111.27861859725952,-0.009765346649802317,-0.006181801192851708,0.07395511059423754,-0.007072039830368439,-0.004201505423051311,0.09996797976318383
12.4575,-4.782923994206622,1.338421534836331,109.04604251336478,3.2986250772168346,-1.0033556516539461,110.86434298090659,-0.009765346649802317,-0.006181801192851708,0.07395511059423754,-0.007072039830368439,-0.004201505423051311,0.09996797976318383
12.46,-4.752389346224358,1.1828561078456727,109.556972644885,3.272887198715189,-1.100938787910043,111.03891343233721,-0.009765346649802317,-0.006181801192851708,0.07395511059423754,-0.007072039830368439,-0.004201505423051311,0.09996797976318383
12.4625,-5.508677201380769,1.1086627982734598,110.01662187855895,4.158516865406999,-1.31815421116047,111.05138061243265,-0.009765346649802317,-0.006181801192851708,0.07395511059423754,-0.007072039830368439,-0.004201505423051311,0.09996797976318383
12.465,-4.893507526225392,0.9777379826017407,109.48982945470138,3.33958048453251,-1.246545134978716,110.54010427811002,-0.009765346649802317,-0.006181801192851708,0.07395511059423754,-0.007072039830368439,-0.004201505423051311,0.09996797976318383
12.4675,-5.656787915641006,1.2430932544437563,110.04391031491991,4.486707962735933,-1.2724963993216931,111.46500871607621,-0.009765346649802317,-0.006181801192851708,0.07395511059423754,-0.007072039830368439,-0.004201505423051311,0.09996797976318383
12.47,-6.039109910700116,1.7725815131778189,109.0548298552945,4.868894599957873,-1.0195604693020548,111.87250625522962,-0.009765346649802317,-0.006181801192851708,0.07395511059423754,-0.007072039830368439,-0.004201505423051311,0.09996797976318383
12.4725,-6.193987864275668,1.5226597034776976,109.20566378998798,4.621686571259267,-1.175244620739527,111.42537985029183,-0.009765346649802317,-0.006181801192851708,0.07395511059423754,-0.007072039830368439,-0.004201505423051311,0.09996797976318383
12.475,-8.967308310200556,15.2504701993587,100.50280831754498,5.057448201149641,7.466295209667637,144.3545065573,-0.009765346649802317,-0.006181801192851708,0.07395511059423754,-0.007072039830368439,-0.004201505423051311,0.09996797976318383
12.4775,3.741974694663887,-11.0576233278427,110.0671613483633,0.01652323160858405,0.002348252749980843,93.76574940588199,-0.009765346649802317,-0.006181801192851708,0.07395511059423754,-0.007072039830368439,-0.004201505423051311,0.09996797976318383
12.48,-53.843328415648465,78.91176194087832,157.1767623856946,79.71124334237015,-80.02565075364286,134.48892073639936,-0.009765346649802317,-0.006181801192851708,0.07395511059423754,-0.007072039830368439,-0.004201505423051311,0.09996797976318383
12.4825,-28.268896334602434,31.765486300728824,69.78570044860707,13.069618080134758,-22.866204825302205,90.37131268395406,-0.009765346649802317,-0.006181801192851708,0.07395511059423754,-0.007072039830368439,-0.004201505423051311,0.09996797976318383
12.485,-33.30537548422455,28.042572038031903,98.50407600977053,14.688475756087803,-27.974623275411503,100.94389136832602,-0.009765346649802317,-0.006181801192851708,0.07395511059423754,-0.007072039830368439,-0.004201505423051311,0.09996797976318383
12.4875,-29.788100345818364,24.16915560890433,113.54778957259592,17.696329058695802,-30.99038224100512,105.34631320001367,-0.009765346649802317,-0.006181801192851708,0.07395511059423754,-0.007072039830368439,-0.004201505423051311,0.09996797976318383
12.49,-27.779224843758833,26.699257027149525,110.54454972186922,20.843133913779056,-29.309298228689485,109.30475241110702,-0.009765346649802317,-0.006181801192851708,0.07395511059423754,-0.007072039830368439,-0.004201505423051311,0.09996797976318383
12.4925,-25.581786585438977,26.678930085891214,111.43851075643997,21.585750918921182,-28.968660676903088,110.17910751718742,-0.009765346649802317,-0.006181801192851708,0.07395511059423754,-0.007072039830368439,-0.004201505423051311,0.09996797976318383
12.495,-17.330069644723235,25.30960487425485,113.31079509403502,20.5496123115333,-29.13162649892341,110.56604166472806,-0.009765346649802317,-0.006181801192851708,0.07395511059423754,-0.007072039830368439,-0.004201505423051311,0.09996797976318383
12.4975,-17.32153274864421,26.23421621791575,112.11800780521443,20.01377574152787,-28.425978418463338,112.06434617761838,-0.009765346649802317,-0.006181801192851708,0.07395511059423754,-0.007072039830368439,-0.004201505423051311,0.09996797976318383
12.5,-18.53277477048634,26.712998734118933,110.01348333441261,18.9987357038675,-27.733193342668578,111.99127728326158,-0.009765346649802317,-0.006181801192851708,0.07395511059423754,-0.007072039830368439,-0.004201505423051311,0.09996797976318383
12.5025,-18.725143540848133,26.74456785828643,109.82366789291565,18.18030939596767,-27.504780896691933,112.33927964134573,-0.009765346649802317,-0.006181801192851708,0.07395511059423754,-0.007072039830368439,-0.004201505423051311,0.09996797976318383
12.505,-18.33987382561536,26.93790143348042,109.40051151596218,17.815457491857735,-27.05809891812052,112.96842558055286,-0.009765346649802317,-0.006181801192851708,0.07395511059423754,-0.007072039830368439,-0.004201505423051311,0.09996797976318383
12.5075,-19.507254388345288,27.899228331231384,109.03236743119689,17.90935772234606,-26.257900468184296,115.51200870912272,-0.009765346649802317,-0.006181801192851708,0.07395511059423754,-0.007072039830368439,-0.004201505423051311,0.09996797976318383
12.51,-18.29273234994462,25.808499559906874,109.63455197098305,19.159722982683817,-27.5203578383972,110.86302127752322,-0.009765346649802317,-0.006181801192851708,0.07395511059423754,-0.007072039830368439,-0.004201505423051311,0.09996797976318383
12.5125,-18.279155012776894,19.781719375094134,113.96096380283669,18.323132091737488,-31.220259122160005,100.14900355097711,-0.009765346649802317,-0.006181801192851708,0.07395511059423754,-0.007072039830368439,-0.004201505423051311,0.09996797976318383
12.515,-17.519317063370757,15.225920188006993,115.66637868694579,20.050865245705392,-34.35348895324026,89.86691075224041,-0.009765346649802317,-0.006181801192851708,0.07395511059423754,-0.007072039830368439,-0.004201505423051311,0.09996797976318383
12.5175,-19.003351566269828,9.11481301482737,120.13674584325435,21.03269067912699,-38.57002124891424,78.21676176798925,-0.009765346649802317,-0.006181801192851708,0.07395511059423754,-0.007072039830368439,-0.004201505423051311,0.09996797976318383
12.52,-20.585602999131158,3.344729891153362,125.0413265396798,22.991023405303647,-42.81291580666551,67.49660148268428,-0.009765346649802317,-0.006181801192851708,0.07395511059423754,-0.007072039830368439,-0.004201505423051311,0.09996797976318383
12.5225,-22.78096885075239,-2.1648815329385793,130.5367889339804,24.537922739605563,-46.60081806155636,58.18749104319481,-0.009765346649802317,-0.006181801192851708,0.07395511059423754,-0.007072039830368439,-0.004201505423051311,0.09996797976318383
12.525,-23.957341595992922,-6.273952320998449,129.79706590425175,28.793360821100215,-45.6060046879716,52.21474669130024,-0.009765346649802317,-0.006181801192851708,0.07395511059423754,-0.007072039830368439,-0.004201505423051311,0.09996797976318383
12.5275,-23.665416017289587,-11.280706370400496,131.5003482806359,29.1733196622764,-43.59850803180421,47.35467258070673,-0.009765346649802317,-0.006181801192851708,0.07395511059423754,-0.007072039830368439,-0.004201505423051311,0.09996797976318383
12.53,-23.100322863158656,-12.858602042099633,131.01996137824722,27.35471495033973,-42.39172294173688,44.54705984752668,-0.009765346649802317,-0.006181801192851708,0.07395511059423754,-0.007072039830368439,-0.004201505423051311,0.09996797976318383
12.5325,-22.180618701702766,-17.63095061388749,135.2001221970615,23.470397465445302,-41.58008413101832,40.95862415253478,-0.009765346649802317,-0.006181801192851708,0.07395511059423754,-0.007072039830368439,-0.004201505423051311,0.09996797976318383
12.535,-18.876791874636478,-20.251373192094803,134.28032170514948,22.017683519981418,-40.979243896754284,38.29246036853,-0.009765346649802317,-0.006181801192851708,0.07395511059423754,-0.007072039830368439,-0.004201505423051311,0.09996797976318383
12.5375,-17.186499936334446,-23.772530862796255,137.98933965471838,19.98787820156491,-40.54046810468887,36.510337523850154,-0.009765346649802317,-0.006181801192851708,0.07395511059423754,-0.007072039830368439,-0.004201505423051311,0.09996797976318383
12.54,-17.65755862683123,-26.711679782322726,139.8695925719991,16.19013269204026,-40.27766722786957,34.15507705433593,-0.009765346649802317,-0.006181801192851708,0.07395511059423754,-0.007072039830368439,-0.004201505423051311,0.09996797976318383
12.5425,-16.691560203134514,-26.42809446152894,141.57826051618156,17.48820425294411,-40.620044589150496,34.39909322545089,-0.009765346649802317,-0.006181801192851708,0.07395511059423754,-0.007072039830368439,-0.004201505423051311,0.09996797976318383
12.545,-16.17607237734442,-27.66384893894585,144.0377285555976,15.907602540428712,-41.15124773652709,33.70467677478037,-0.009765346649802317,-0.006181801192851708,0.07395511059423754,-0.007072039830368439,-0.004201505423051311,0.09996797976318383
12.5475,139.62234330118068,58.24189904646442,218.47523704263645,-219.85036740087014,179.7049639959559,632.4812022534223,-0.009765346649802317,-0.006181801192851708,0.07395511059423754,-0.007072039830368439,-0.004201505423051311,0.09996797976318383
12.55,43.338919464289965,79.87561315741463,52.653393125577864,69.41561764083691,71.23266253480455,253.30665397686545,-0.009765346649802317,-0.006181801192851708,0.07395511059423754,-0.007072039830368439,-0.004201505423051311,0.09996797976318383
12.5525,24.280149319695518,56.699673307799365,34.93752190155208,57.37290677300434,87.56827560283209,244.89407480003055,-0.009765346649802317,-0.006181801192851708,0.07395511059423754,-0.007072039830368439,-0.004201505423051311,0.09996797976318383
12.555,15.77294505720077,44.78868562446438,43.845514519276165,27.178339407361683,50.057861925754366,179.67372363460106,-0.009765346649802317,-0.006181801192851708,0.07395511059423754,-0.007072039830368439,-0.004201505423051311,0.09996797976318383
12.5575,15.348132521422881,42.54335217550981,58.723044426857825,2.188228571814645,23.234714171221377,153.81207175829013,-0.009765346649802317,-0.006181801192851708,0.07395511059423754,-0.007072039830368439,-0.004201505423051311,0.09996797976318383
12.56,16.273176749725643,42.14246843589007,72.20532571885674,-16.962575624517243,2.2498118645719725,135.53318817764253,-0.009765346649802317,-0.006181801192851708,0.07395511059423754,-0.007072039830368439,-0.004201505423051311,0.09996797976318383
12.5625,13.032368526099827,33.398903004715116,84.35941334020534,-27.39970879618939,-7.478327026473402,122.09355767116796,-0.009765346649802317,-0.006181801192851708,0.07395511059423754,-0.007072039830368439,-0.004201505423051311,0.09996797976318383
12.565,9.076996330888768,27.562479992604533,91.50479108315332,-32.19598254694257,-12.681649056794924,113.1451611599777,-0.009765346649802317,-0.006181801192851708,0.07395511059423754,-0.007072039830368439,-0.004201505423051311,0.09996797976318383
12.5675,7.465248346863578,26.372179178416808,95.82930479990036,-35.270745275420865,-17.095548059491925,109.49737254617874,-0.009765346649802317,-0.006181801192851708,0.07395511059423754,-0.007072039830368439,-0.004201505423051311,0.09996797976318383
12.57,7.618744056848645,27.081886262485344,96.03070156134193,-36.686518442797514,-18.735428986559366,108.06922642359429,-0.009765346649802317,-0.006181801192851708,0.07395511059423754,-0.007072039830368439,-0.004201505423051311,0.09996797976318383
12.5725,8.194820712915517,27.83312112841822,97.0315028684306,-37.857211761064164,-20.305058946161083,107.54846275356644,-0.009765346649802317,-0.006181801192851708,0.07395511059423754,-0.007072039830368439,-0.004201505423051311,0.09996797976318383
12.575,9.3939424098169,29.184289708800804,99.50966605559192,-39.72390930877978,-22.445940831203927,109.18681053227512,-0.009765346649802317,-0.006181801192851708,0.07395511059423754,-0.007072039830368439,-0.004201505423051311,0.09996797976318383
12.5775,11.39726151755047,31.17379601879153,94.94248541639799,-39.21120989927984,-21.160433822648624,109.92856346332437,-0.009765346649802317,-0.006181801192851708,0.07395511059423754,-0.007072039830368439,-0.004201505423051311,0.09996797976318383
12.58,12.491861717067996,31.98706927987098,96.15764783419306,-39.772988394115586,-22.00708505583744,111.05173654106976,-0.009765346649802317,-0.006181801192851708,0.07395511059423754,-0.007072039830368439,-0.004201505423051311,0.09996797976318383
12.5825,13.865271667169363,33.31684570595813,95.79515648970519,-40.21725450654306,-22.1874445802893,112.89563229555351,-0.009765346649802317,-0.006181801192851708,0.07395511059423754,-0.007072039830368439,-0.004201505423051311,0.09996797976318383
12.585,14.897817421963317,34.23436720998724,95.36725830975816,-40.41444894151323,-22.377751708618206,113.55888878922453,-0.009765346649802317,-0.006181801192851708,0.07395511059423754,-0.007072039830368439,-0.004201505423051311,0.09996797976318383
12.5875,16.6853390298513,35.90807514027462,98.4203987886263,-42.54774963623756,-25.097455274348814,115.26116643556117,-0.009765346649802317,-0.006181801192851708,0.07395511059423754,-0.007072039830368439,-0.004201505423051311,0.09996797976318383
12.59,16.769285328287754,36.443654257546875,92.40447627044767,-40.59508584210091,-22.139976317686923,114.50316981700433,-0.009765346649802317,-0.006181801192851708,0.07395511059423754,-0.007072039830368439,-0.004201505423051311,0.09996797976318383
12.5925,18.785748464535715,37.944791794414826,95.87379635926983,-42.288689880670354,-24.09464919082227,117.7018550175389,-0.009765346649802317,-0.006181801192851708,0.07395511059423754,-0.007072039830368439,-0.004201505423051311,0.09996797976318383
12.595,16.81052622782365,36.448341753097516,93.90754189760908,-40.60293082959526,-22.53162693715196,115.4320731021463,-0.009765346649802317,-0.006181801192851708,0.07395511059423754,-0.007072039830368439,-0.004201505423051311,0.09996797976318383
12.5975,17.605423987896092,36.71298501882503,92.68992502922526,-39.831351465746465,-21.161702870739237,117.51546533619683,-0.009765346649802317,-0.006181801192851708,0.07395511059423754,-0.007072039830368439,-0.004201505423051311,0.09996797976318383
12.6,17.432223635672592,36.25082125639595,93.59415170164783,-39.44190554776485,-21.120427004357,117.69660721434761,-0.009765346649802317,-0.006181801192851708,0.07395511059423754,-0.007072039830368439,-0.004201505423051311,0.09996797976318383
12.6025,17.145510437712485,36.06713811521295,96.42656911402716,-40.05593241013721,-21.863456000307377,119.62352763155212,-0.009765346649802317,-0.006181801192851708,0.07395511059423754,-0.007072039830368439,-0.004201505423051311,0.09996797976318383
12.605,18.108828476224957,36.78267148109024,93.16300548555378,-39.17901046280029,-20.73548604907481,119.76356568905692,-0.009765346649802317,-0.006181801192851708,0.07395511059423754,-0.007072039830368439,-0.004201505423051311,0.09996797976318383
12.6075,17.685119798642454,36.13049585801716,91.74845068975505,-37.89796551480023,-19.256527874547192,119.55952861711538,-0.009765346649802317,-0.006181801192851708,0.07395511059423754,-0.007072039830368439,-0.004201505423051311,0.09996797976318383
12.61,17.335575368359994,35.474496012099905,95.64191949261308,-38.87416267182169,-21.1806679519906,119.39649052801215,-0.009765346649802317,-0.006181801192851708,0.07395511059423754,-0.007072039830368439,-0.004201505423051311,0.09996797976318383
12.6125,16.233800843841106,34.64553927659694,92.81689059176857,-37.27761023951824,-19.11408344895782,118.85154676062541,-0.009765346649802317,-0.006181801192851708,0.07395511059423754,-0.007072039830368439,-0.004201505423051311,0.09996797976318383
12.615,140.5674584973762,-123.03260445006698,345.9594351013352,48.95270666530613,-79.733425092042,24.952999021944294,-0.009765346649802317,-0.006181801192851708,0.07395511059423754,-0.007072039830368439,-0.004201505423051311,0.09996797976318383
12.6175,72.20819480445097,-8.645459967997189,115.0773881902667,3.591684963131509,-37.21627322274812,56.0329981913834,-0.009765346649802317,-0.006181801192851708,0.07395511059423754,-0.007072039830368439,-0.004201505423051311,0.09996797976318383
12.62,50.56579516696997,1.072884824569518,122.30749503338367,-8.756896718448205,-31.88059750974446,75.93617864862588,-0.009765346649802317,-0.006181801192851708,0.07395511059423754,-0.007072039830368439,-0.004201505423051311,0.09996797976318383
12.6225,38.378983240861096,6.899045235811243,120.77905019015881,-17.00678465044612,-27.834107932962656,89.78809360488837,-0.009765346649802317,-0.006181801192851708,0.07395511059423754,-0.007072039830368439,-0.004201505423051311,0.09996797976318383
12.625,34.08230400924728,12.501750530361907,115.94430192579628,-21.414025451787744,-24.160848949350974,98.7114733948756,-0.009765346649802317,-0.006181801192851708,0.07395511059423754,-0.007072039830368439,-0.004201505423051311,0.09996797976318383
12.6275,30.198547630913186,16.134810060478475,112.45161561409404,-23.808515129046835,-21.575974799662756,104.4008997175179,-0.009765346649802317,-0.006181801192851708,0.07395511059423754,-0.007072039830368439,-0.004201505423051311,0.09996797976318383
12.63,27.01068671773889,17.95144182554906,110.41177623329102,-24.885549434039902,-20.10550148441262,106.96343610981314,-0.009765346649802317,-0.006181801192851708,0.07395511059423754,-0.007072039830368439,-0.004201505423051311,0.09996797976318383
12.6325,24.943195688172853,18.87647820829201,109.29525156581713,-25.273935642996868,-19.200143022551444,108.58588153466293,-0.009765346649802317,-0.006181801192851708,0.07395511059423754,-0.007072039830368439,-0.004201505423051311,0.09996797976318383
12.635,23.66856596121049,19.228086099584868,108.58589733157596,-25.219941954115136,-18.681032103799307,109.71765656275538,-0.009765346649802317,-0.006181801192851708,0.07395511059423754,-0.007072039830368439,-0.004201505423051311,0.09996797976318383
12.6375,22.833869874042534,19.442040607697674,108.3570367140055,-24.83236706002691,-18.25746488168207,110.42094897201572,-0.009765346649802317,-0.006181801192851708,0.07395511059423754,-0.007072039830368439,-0.004201505423051311,0.09996797976318383
12.64,22.22159767955963,19.161479854776218,108.31831079910702,-24.181614470646554,-18.107026406596532,110.49996536799246,-0.009765346649802317,-0.006181801192851708,0.07395511059423754,-0.007072039830368439,-0.004201505423051311,0.09996797976318383
12.6425,21.77218047565321,19.004968563961434,108.63617206747122,-23.488481267533142,-17.879584264208358,110.44572205778871,-0.009765346649802317,-0.006181801192851708,0.07395511059423754,-0.007072039830368439,-0.004201505423051311,0.09996797976318383
12.645,21.431061630911774,18.629771282414108,108.76903084361568,-22.752290463953024,-17.842095509486025,110.44292592985776,-0.009765346649802317,-0.006181801192851708,0.07395511059423754,-0.007072039830368439,-0.004201505423051311,0.09996797976318383
12.6475,21.019872799713788,18.430374038423103,109.10587309915762,-21.883969686280338,-17.64238075918498,110.3355393128667,-0.009765346649802317,-0.006181801192851708,0.07395511059423754,-0.007072039830368439,-0.004201505423051311,0.09996797976318383
12.65,24.554034642421247,16.61753879831336,106.0763270704671,-20.96078702895089,-18.049871008748678,110.26159619367758,-0.009765346649802317,-0.006181801192851708,0.07395511059423754,-0.007072039830368439,-0.004201505423051311,0.09996797976318383
12.6525,27.39482558819206,16.333508902936035,102.9468376253688,-19.990354056964176,-17.86043191542728,110.10958365533489,-0.009765346649802317,-0.006181801192851708,0.07395511059423754,-0.007072039830368439,-0.004201505423051311,0.09996797976318383
12.655,31.400381794195848,23.262330804702877,93.86997952753562,-23.196217831774398,-12.155308056128801,142.0902239720732,-0.009765346649802317,-0.006181801192851708,0.07395511059423754,-0.007072039830368439,-0.004201505423051311,0.09996797976318383
12.6575,23.884598361377556,14.920911318448368,100.12333420905668,-15.79174663746741,-19.76393187346814,92.4582177064143,-0.009765346649802317,-0.006181801192851708,0.07395511059423754,-0.007072039830368439,-0.004201505423051311,0.09996797976318383
12.66,25.519291480415376,15.391664082891822,101.66632912767551,-16.67870729232652,-18.7182343007641,102.26999674152408,-0.009765346649802317,-0.006181801192851708,0.07395511059423754,-0.007072039830368439,-0.004201505423051311,0.09996797976318383
12.6625,26.834512785485835,15.691765902084201,100.15016618813065,-16.14444788525051,-17.93842735742692,106.4744674272556,-0.009765346649802317,-0.006181801192851708,0.07395511059423754,-0.007072039830368439,-0.004201505423051311,0.09996797976318383
12.665,27.408236015145537,15.850047299221814,98.36260419360212,-15.425609397827865,-17.346467128347438,108.38154574221153,-0.009765346649802317,-0.006181801192851708,0.07395511059423754,-0.007072039830368439,-0.004201505423051311,0.09996797976318383
12.6675,27.54893309723854,15.841228825826388,96.8051419981121,-14.660211405015032,-16.993327174876654,109.02748473649562,-0.009765346649802317,-0.006181801192851708,0.07395511059423754,-0.007072039830368439,-0.004201505423051311,0.09996797976318383
12.67,27.71650315865324,15.88658051797164,95.47957221906417,-13.897660115207584,-16.57555210600366,110.01267359851582,-0.009765346649802317,-0.006181801192851708,0.07395511059423754,-0.007072039830368439,-0.004201505423051311,0.09996797976318383
12.6725,27.600270299322098,15.861138845487341,94.09678554416652,-13.137894419329925,-16.254940211535867,110.33556073589992,-0.009765346649802317,-0.006181801192851708,0.07395511059423754,-0.007072039830368439,-0.004201505423051311,0.09996797976318383
12.675,27.416247163029166,15.791583198208977,92.86525829915087,-12.342738399008864,-16.00235512917083,110.42570333261845,-0.009765346649802317,-0.006181801192851708,0.07395511059423754,-0.007072039830368439,-0.004201505423051311,0.09996797976318383
12.6775,27.297757112051254,15.70214060820329,91.84423891625498,-11.530009420828307,-15.773943671925853,110.44869454097797,-0.009765346649802317,-0.006181801192851708,0.07395511059423754,-0.007072039830368439,-0.004201505423051311,0.09996797976318383
12.68,27.087833281806027,15.560493343707275,90.68870913506683,-10.796497157106307,-15.615979429995338,110.16385797367201,-0.009765346649802317,-0.006181801192851708,0.07395511059423754,-0.007072039830368439,-0.004201505423051311,0.09996797976318383
12.6825,27.065445885827227,15.519248395924095,89.51784994745337,-9.909647719386808,-15.352845226975598,110.81756773489423,-0.009765346649802317,-0.006181801192851708,0.07395511059423754,-0.007072039830368439,-0.004201505423051311,0.09996797976318383
12.685,26.881518245429405,15.395506121408298,88.46788243869948,-9.058301297464778,-15.128709469948578,110.53625114720795,-0.009765346649802317,-0.006181801192851708,0.07395511059423754,-0.007072039830368439,-0.004201505423051311,0.09996797976318383
12.6875,22.430917421425665,15.298174304906945,83.62899433716301,-8.52101091551143,-14.93326892504723,110.56891834737942,-0.009765346649802317,-0.006181801192851708,0.07395511059423754,-0.007072039830368439,-0.004201505423051311,0.09996797976318383
12.69,19.605289981657506,15.232305521181418,82.07207195294576,-8.134771084242324,-14.766147588135253,110.69496980775882,-0.009765346649802317,-0.006181801192851708,0.07395511059423754,-0.007072039830368439,-0.004201505423051311,0.09996797976318383
12.6925,17.144648631969122,15.189240381567412,78.22271280327007,-7.498596550084219,-14.426532622967557,110.71796748537464,-0.009765346649802317,-0.006181801192851708,0.07395511059423754,-0.007072039830368439,-0.004201505423051311,0.09996797976318383
12.695,16.320976868296306,15.104102636757899,75.54510857455568,-6.636588080209792,-14.109593528330462,110.51294361276103,-0.009765346649802317,-0.006181801192851708,0.07395511059423754,-0.007072039830368439,-0.004201505423051311,0.09996797976318383
12.6975,15.331734973316898,14.94832662544986,73.02007351526557,-5.8308377667698155,-13.924195608596252,110.10413942406696,-0.009765346649802317,-0.006181801192851708,0.07395511059423754,-0.007072039830368439,-0.004201505423051311,0.09996797976318383
12.7,14.295384326787834,14.870952205770132,71.24312130825052,-5.181548605102399,-13.648587413033203,110.4604651998315,-0.009765346649802317,-0.006181801192851708,0.07395511059423754,-0.007072039830368439,-0.004201505423051311,0.09996797976318383
12.7025,13.167185220275341,14.769702080341549,69.34165924141553,-4.465615343583234,-13.421705210182601,110.07666015539588,-0.009765346649802317,-0.006181801192851708,0.07395511059423754,-0.007072039830368439,-0.004201505423051311,0.09996797976318383
12.705,12.310937113337996,14.716915378919568,67.45630752361066,-3.7943301734228623,-13.072089716702909,110.45269573876827,-0.009765346649802317,-0.006181801192851708,0.07395511059423754,-0.007072039830368439,-0.004201505423051311,0.09996797976318383
12.7075,11.412527075033593,14.594840793506334,65.59224564498166,-3.0893704083836595,-12.870748924192192,110.19062314736347,-0.009765346649802317,-0.006181801192851708,0.07395511059423754,-0.007072039830368439,-0.004201505423051311,0.09996797976318383
12.71,10.703906772782442,14.55681432380962,63.636736259558745,-2.4435793907493264,-12.481847520790245,110.51938707298235,-0.009765346649802317,-0.006181801192851708,0.07395511059423754,-0.007072039830368439,-0.004201505423051311,0.09996797976318383
12.7125,11.313855259315414,14.456745358090966,62.22786697920996,-1.6119206046268781,-12.28180652811676,109.94083162817692,-0.009765346649802317,-0.006181801192851708,0.07395511059423754,-0.007072039830368439,-0.004201505423051311,0.09996797976318383
12.715,10.911129916894701,14.435078475848561,60.00701391380973,-0.9340278628321201,-11.865869012791036,110.49778469393303,-0.009765346649802317,-0.006181801192851708,0.07395511059423754,-0.007072039830368439,-0.004201505423051311,0.09996797976318383
12.7175,11.111500658338663,14.327419867923867,57.37262533922856,-0.10286867162264421,-11.576301521117303,110.36779917880295,-0.009765346649802317,-0.006181801192851708,0.07395511059423754,-0.007072039830368439,-0.004201505423051311,0.09996797976318383
12.72,11.573597136492504,14.156954892188441,55.28151653961652,-0.24890911346435962,-11.460882424411738,110.25319560661208,-0.009765346649802317,-0.006181801192851708,0.07395511059423754,-0.007072039830368439,-0.004201505423051311,0.09996797976318383
12.7225,11.931467312840011,14.029993630689205,53.34171946899029,0.04460568325708454,-11.302012679817343,110.43742050950314,-0.009765346649802317,-0.006181801192851708,0.07395511059423754,-0.007072039830368439,-0.004201505423051311,0.09996797976318383
12.725,12.388412142133847,13.899023397019224,51.10980752979073,-0.11295830276507898,-11.114760308500541,110.50756464639919,-0.009765346649802317,-0.006181801192851708,0.07395511059423754,-0.007072039830368439,-0.004201505423051311,0.09996797976318383
12.7275,12.858432518120763,13.715715625402392,49.21684532354254,-0.1229954949490442,-11.102008553164337,110.39464951170005,-0.009765346649802317,-0.006181801192851708,0.07395511059423754,-0.007072039830368439,-0.004201505423051311,0.09996797976318383
12.73,13.24347973139428,13.60750495140975,47.4045601659276,-0.0763145199265205,-10.918906053917011,110.47073055309663,-0.009765346649802317,-0.006181801192851708,0.07395511059423754,-0.007072039830368439,-0.004201505423051311,0.09996797976318383
12.7325,13.960188005106092,13.356779207487268,45.290937211547956,-0.7621368712513287,-10.946943718613563,110.35379521013853,-0.009765346649802317,-0.006181801192851708,0.07395511059423754,-0.007072039830368439,-0.004201505423051311,0.09996797976318383
12.735,14.422077736562766,13.117142202872751,42.93143057914696,-0.7080792484289442,-10.859876878484975,110.31062412991056,-0.009765346649802317,-0.006181801192851708,0.07395511059423754,-0.007072039830368439,-0.004201505423051311,0.09996797976318383
12.7375,13.81679354422685,12.938876635961806,41.588947502428404,-0.7596183962267415,-10.96866475084144,110.11978430958425,-0.009765346649802317,-0.006181801192851708,0.07395511059423754,-0.007072039830368439,-0.004201505423051311,0.09996797976318383
12.74,13.650545657429648,12.762705876471653,39.222864349738025,-0.8864501781096935,-10.797958957382999,110.24022302794047,-0.009765346649802317,-0.006181801192851708,0.07395511059423754,-0.007072039830368439,-0.004201505423051311,0.09996797976318383
12.7425,13.612788132728278,12.666905904033369,36.89290291263469,-0.1505656681944471,-10.48898098361056,110.6788138446266,-0.009765346649802317,-0.006181801192851708,0.07395511059423754,-0.007072039830368439,-0.004201505423051311,0.09996797976318383
12.745,13.3768574297131,11.843252790997779,35.022705917806036,-0.9237396681166259,-10.661838190972613,110.07388417137389,-0.009765346649802317,-0.006181801192851708,0.07395511059423754,-0.007072039830368439,-0.004201505423051311,0.09996797976318383
12.7475,12.792104665503206,11.44202560166288,32.090550935300726,-0.1576783375691158,-10.395712903147725,110.62594265160638,-0.009765346649802317,-0.006181801192851708,0.07395511059423754,-0.007072039830368439,-0.004201505423051311,0.09996797976318383
12.75,12.165879242636935,10.56200039698484,29.671088981487557,-0.392946964325479,-10.45773018642184,110.52223943477337,-0.009765346649802317,-0.006181801192851708,0.07395511059423754,-0.007072039830368439,-0.004201505423051311,0.09996797976318383
12.7525,11.841238523081687,9.999196694611703,27.892576011776676,-0.06632190168581738,-10.433779447661083,110.25938343405588,-0.009765346649802317,-0.006181801192851708,0.07395511059423754,-0.007072039830368439,-0.004201505423051311,0.09996797976318383
